1601000010
1601000020
1601000030
1601000040
1601000050
1601000091
1601000092
1601000099
1602100000
1602200010
1602200020
1602200030
1602200090
1602310000
1602321000
1602322000
1602323000
1602329000
1602390000
1602410000
1602420000
1602490010
1602490020
1602490090
1602500010
1602500020
1602500030
1602500040
1602500050
1602500061
1602500069
1602500070
1602500092
1602500099
1602900011
1602900012
1602900013
1602900019
1602900020
1602900030
1603000011
1603000012
1603000019
1603000021
1603000022
1603000029
1603000030
1603000040
1603000050
1603000060
1604110000
1604120000
1604131000
1604139000
1604141000
1604142000
1604143000
1604150000
1604160000
1604170000
1604190010
1604190090
1604201000
1604202000
1604203000
1604209010
1604209090
1604310000
1604320000
1605100000
1605210000
1605290000
1605300000
1605400000
1605510000
1605520000
1605530000
1605540000
1605550000
1605560000
1605570000
1605580000
1605590010
1605590090
1605610000
1605620000
1605630000
1605690000
