3301121000
3301129000
3301130000
3301191000
3301199000
3301240000
3301251000
3301252000
3301259000
3301291100
3301291200
3301291300
3301291400
3301291500
3301291600
3301291700
3301291800
3301291900
3301292100
3301292200
3301299000
3301300000
3301901000
3301902000
3301903000
3301904000
3302100000
3302901100
3302901900
3302909000
3303001000
3303002000
3304100000
3304201000
3304209000
3304300000
3304910000
3304991000
3304999000
3305100000
3305200000
3305300000
3305900000
3306100000
3306200000
3306900000
3307100000
3307201000
3307209000
3307300000
3307410000
3307490010
3307490090
3307900000
