7001000000
7002100000
7002200000
7002310000
7002320000
7002390000
7003120011
7003120012
7003120090
7003190011
7003190012
7003190090
7003200000
7003300000
7004200000
7004900011
7004900012
7004900013
7004900019
7004900021
7004900022
7004900023
7004900029
7005100000
7005210000
7005290000
7005300000
7006000000
7007110011
7007110019
7007110091
7007110099
7007190010
7007190090
7007210011
7007210019
7007210091
7007210099
7007290010
7007290090
7008000000
7009100000
7009910010
7009910090
7009920000
7010100000
7010200000
7010901110
7010901120
7010901210
7010901290
7010902110
7010902120
7010902210
7010902290
7010909010
7010909020
7010909090
7011101000
7011102100
7011102900
7011109000
7011200000
7011900000
7013100000
7013220000
7013280000
7013330000
7013370000
7013410000
7013421000
7013429000
7013490000
7013911000
7013919000
7013990000
7014000010
7014000090
7015101000
7015109100
7015109200
7015901000
7015902000
7015903000
7015909000
7016100000
7016900000
7017100000
7017200000
7017900000
7018101000
7018102000
7018109000
7018200000
7018900000
7019110000
7019121000
7019129000
7019190000
7019310000
7019320000
7019390010
7019390090
7019400000
7019510000
7019521000
7019529000
7019590000
7019901000
7019909000
7020001000
7020009000
