1501100000
1501200000
1501900000
1502101100
1502101200
1502101900
1502109011
1502109012
1502109019
1502109020
1502900000
1503000010
1503000020
1503000030
1503000090
1504101100
1504101900
1504109000
1504200000
1504300000
1505001010
1505001090
1505009010
1505009090
1506000010
1506000090
1507100000
1507901100
1507901900
1507909000
1508100000
1508900000
1509100011
1509100019
1509100021
1509100029
1509100030
1509901010
1509901090
1509909010
1509909090
1510000000
1511100000
1511900000
1512111000
1512112000
1512191100
1512191900
1512192000
1512210000
1512291000
1512299000
1513110000
1513190000
1513211000
1513212000
1513291000
1513292000
1514110000
1514191000
1514199000
1514910000
1514991000
1514999000
1515110000
1515190000
1515210000
1515291000
1515299000
1515300000
1515500000
1515901000
1515902100
1515902200
1515909011
1515909019
1515909091
1515909099
1516100010
1516100090
1516200010
1516200090
1517100000
1517901000
1517909000
1518001000
1518009000
1520001000
1520002000
1521100000
1521901100
1521901900
1521909000
1522000000
