3201100000
3201200000
3201901100
3201901200
3201901900
3201902000
3201909000
3202100000
3202901100
3202901200
3202901300
3202901900
3202902100
3202902900
3202903000
3203001100
3203001200
3203001300
3203001900
3203002100
3203002900
3203003000
3204110010
3204110020
3204110090
3204121000
3204122000
3204130000
3204140000
3204151000
3204152000
3204153000
3204159000
3204160000
3204170010
3204170020
3204170090
3204191100
3204191200
3204191300
3204191900
3204192000
3204193000
3204199000
3204201100
3204201900
3204209000
3204900000
3205000000
3206111100
3206111900
3206112000
3206113000
3206191000
3206199000
3206200000
3206410000
3206421000
3206429000
3206491000
3206492000
3206499000
3206501100
3206501900
3206502100
3206502900
3207101000
3207109000
3207201000
3207209100
3207209900
3207300000
3207401000
3207409000
3208101000
3208102010
3208102090
3208103000
3208201100
3208201900
3208202000
3208203000
3208901000
3208902100
3208902900
3208903100
3208903900
3209101000
3209102000
3209901100
3209901900
3209902000
3210001000
3210002000
3210003000
3211000000
3212100000
3212901000
3212909000
3213100000
3213900000
3214101010
3214101090
3214102000
3214900000
3215110000
3215190000
3215900000
