3401111000
3401119000
3401190011
3401190019
3401190090
3401201000
3401209010
3401209090
3401300000
3402111000
3402112000
3402113000
3402114000
3402119000
3402121000
3402129000
3402130000
3402190000
3402200010
3402200090
3402901100
3402901900
3402902100
3402902200
3402902300
3402902910
3402902990
3402903100
3402903900
3402909000
3403111000
3403112000
3403119000
3403190000
3403911000
3403912000
3403919000
3403990000
3404201000
3404202000
3404901100
3404901200
3404901300
3404901400
3404901900
3404902100
3404902910
3404902920
3404902990
3405100000
3405200000
3405300000
3405400000
3405900010
3405900020
3405900090
3406000000
3407001000
3407002000
3407009000
