7101100000
7101210000
7101220000
7102100000
7102210000
7102290000
7102310000
7102390000
7103100010
7103100020
7103100090
7103910000
7103990010
7103990020
7103990090
7104100000
7104201000
7104209000
7104900000
7105100000
7105900000
7106100000
7106910000
7106921000
7106922000
7106929000
7107000000
7108110000
7108121010
7108121090
7108129010
7108129090
7108131000
7108139000
7108200000
7109000000
7110110000
7110191000
7110199000
7110210000
7110290000
7110310000
7110390000
7110410000
7110490000
7111000000
7112301000
7112302000
7112309000
7112910000
7112920000
7112990000
7113110000
7113190000
7113200000
7114110000
7114190000
7114200000
7115100000
7115900000
7116100000
7116201000
7116202000
7116209010
7116209090
7117110000
7117190010
7117190090
7117900000
7118101000
7118109000
7118900000
