9001101100
9001101900
9001102000
9001200000
9001300000
9001400000
9001500010
9001500090
9001901000
9001909000
9002111000
9002112000
9002119000
9002190000
9002201000
9002209000
9002900000
9003110000
9003191000
9003199000
9003901000
9003909000
9004100000
9004901000
9004902000
9004909000
9005100000
9005800000
9005901000
9005909000
9006101000
9006109000
9006300000
9006400000
9006510000
9006520000
9006531000
9006532000
9006591000
9006592100
9006592900
9006610000
9006690000
9006911000
9006919000
9006990000
9007100000
9007202000
9007209000
9007910000
9007920000
9008500000
9008900000
9010101000
9010102000
9010109000
9010501000
9010502000
9010509000
9010600000
9010901000
9010909000
9011100000
9011201000
9011202000
9011203000
9011801000
9011809000
9011901000
9011909000
9012101000
9012109000
9012901000
9012909000
9013101000
9013109000
9013200000
9013801000
9013809000
9013900000
9014100000
9014201000
9014202000
9014203000
9014209000
9014801000
9014809000
9014900000
9015100000
9015201000
9015209000
9015300000
9015400000
9015801000
9015809000
9015901000
9015909000
9016001000
9016009000
9017101000
9017109000
9017200000
9017301000
9017302000
9017309000
9017801000
9017809000
9017901000
9017909000
9018110000
9018121000
9018129010
9018129090
9018130000
9018141000
9018142000
9018149000
9018191000
9018192000
9018198000
9018199000
9018201000
9018202000
9018209000
9018311110
9018311190
9018311910
9018311990
9018319011
9018319019
9018319090
9018321110
9018321190
9018321200
9018321910
9018321990
9018322010
9018322090
9018391000
9018392100
9018392200
9018392300
9018392400
9018392900
9018393000
9018399100
9018399900
9018410000
9018491100
9018491200
9018491900
9018492000
9018494000
9018499100
9018499900
9018501000
9018509010
9018509090
9018901000
9018902100
9018902900
9018903100
9018903900
9018904000
9018905000
9018909100
9018909200
9018909300
9018909400
9018909500
9018909600
9018909910
9018909920
9018909930
9018909940
9018909950
9018909990
9019100000
9019201000
9019202000
9019203000
9019204000
9019209000
9020001000
9020009000
9021101000
9021102000
9021109100
9021109900
9021211000
9021219000
9021290000
9021311000
9021312000
9021319000
9021391100
9021391900
9021392000
9021393000
9021394000
9021398010
9021398090
9021399100
9021399900
9021400000
9021500000
9021901100
9021901900
9021908100
9021908200
9021908900
9021909100
9021909200
9021909910
9021909990
9022120000
9022131100
9022131900
9022139000
9022141100
9022141200
9022141300
9022141910
9022141990
9022149010
9022149090
9022191000
9022199100
9022199900
9022211000
9022212000
9022219000
9022291000
9022299000
9022300000
9022901100
9022901200
9022901900
9022908000
9022909000
9023000000
9024101000
9024102000
9024109000
9024801100
9024801900
9024802100
9024802900
9024809000
9024900000
9025111000
9025119000
9025191000
9025199000
9025800000
9025901000
9025909000
9026101100
9026101900
9026102100
9026102910
9026102990
9026201000
9026209000
9026800000
9026901010
9026901090
9026902000
9026909000
9027100000
9027201100
9027201200
9027201900
9027202100
9027202900
9027301100
9027301900
9027302000
9027501000
9027502000
9027503000
9027504000
9027505000
9027509000
9027801100
9027801200
9027801300
9027801400
9027802000
9027803000
9027809100
9027809900
9027901000
9027909100
9027909300
9027909900
9028101100
9028101900
9028109000
9028201000
9028202000
9028301100
9028301900
9028302100
9028302900
9028303100
9028303900
9028309000
9028901000
9028909000
9029101010
9029101090
9029109010
9029109090
9029201010
9029201090
9029202000
9029901010
9029901090
9029909000
9030101000
9030109000
9030201000
9030202100
9030202200
9030202900
9030203000
9030310000
9030320000
9030331100
9030331900
9030332100
9030332900
9030339000
9030391000
9030399000
9030401000
9030402000
9030403000
9030409000
9030821000
9030829000
9030841000
9030842000
9030849000
9030891000
9030892000
9030893000
9030894000
9030899000
9030901000
9030909000
9031100000
9031201000
9031209000
9031410000
9031491000
9031492000
9031499000
9031801100
9031801200
9031802000
9031803000
9031804010
9031804090
9031805000
9031806000
9031809100
9031809900
9031901000
9031909000
9032101000
9032109000
9032200000
9032810000
9032891100
9032891900
9032892110
9032892190
9032892210
9032892290
9032892310
9032892390
9032892410
9032892490
9032892510
9032892590
9032892910
9032892990
9032893000
9032898100
9032898200
9032898300
9032898400
9032898900
9032899000
9032901000
9032909100
9032909900
9033000000
