2701110000
2701120000
2701190000
2701200000
2702100000
2702200000
2703000000
2704001000
2704009000
2705000000
2706000000
2707100000
2707200000
2707300000
2707400000
2707500000
2707910000
2707991000
2707999000
2708100000
2708200000
2709001000
2709009000
2710121000
2710122100
2710122900
2710123000
2710124100
2710124900
2710125100
2710125900
2710126000
2710129000
2710191100
2710191900
2710192100
2710192200
2710192900
2710193100
2710193200
2710199100
2710199200
2710199300
2710199400
2710199900
2710200000
2710910000
2710990000
2711110000
2711121000
2711129000
2711130000
2711140000
2711191000
2711199000
2711210000
2711291000
2711299000
2712100000
2712200000
2712900000
2713110000
2713120000
2713200000
2713900000
2714100000
2714900000
2715000000
2716000000
