8101100000
8101940000
8101960000
8101970000
8101991000
8101999000
8102100000
8102940000
8102950000
8102960000
8102970000
8102990000
8103200000
8103300000
8103900000
8104110000
8104190000
8104200000
8104300000
8104900000
8105201000
8105202100
8105202900
8105209000
8105300000
8105901000
8105909000
8106001000
8106009000
8107201000
8107202000
8107300000
8107900000
8108200000
8108300000
8108900000
8109200000
8109300000
8109900000
8110101000
8110102000
8110200000
8110900000
8111001000
8111002000
8111009000
8112120000
8112130000
8112190000
8112211000
8112212000
8112220000
8112290000
8112510000
8112520000
8112590000
8112920000
8112990000
8113001000
8113009000
