0701100000
0701900000
0702000000
0703101100
0703101900
0703102100
0703102900
0703201000
0703209000
0703901000
0703909000
0704100000
0704200000
0704900000
0705110000
0705190000
0705210000
0705290000
0706100010
0706100020
0706900000
0707000000
0708100000
0708200000
0708900000
0709200000
0709300000
0709400000
0709510000
0709590000
0709600010
0709600090
0709700000
0709910000
0709920000
0709930000
0709991100
0709991900
0709999000
0710100000
0710210000
0710220000
0710290000
0710300000
0710400000
0710800010
0710800020
0710800030
0710800090
0710900000
0711201000
0711202000
0711209000
0711400000
0711510000
0711590000
0711900000
0712200000
0712310000
0712320000
0712330000
0712390000
0712901000
0712909010
0712909090
0713101000
0713109000
0713201000
0713209000
0713311000
0713319000
0713321000
0713329000
0713331100
0713331900
0713332100
0713332900
0713339100
0713339900
0713341000
0713349000
0713351000
0713359000
0713391000
0713399000
0713401000
0713409000
0713501000
0713509000
0713601000
0713609000
0713901000
0713909000
0714100000
0714200010
0714200090
0714300000
0714400000
0714500000
0714900000
