6001101000
6001102010
6001102090
6001109011
6001109019
6001109090
6001210000
6001220000
6001290000
6001910000
6001920000
6001990000
6002401000
6002402000
6002409000
6002901000
6002902000
6002909000
6003100000
6003200000
6003300000
6003400000
6003900000
6004101100
6004101200
6004101300
6004101400
6004103110
6004103120
6004103190
6004103210
6004103220
6004103290
6004103310
6004103320
6004103390
6004103410
6004103420
6004103490
6004104110
6004104120
6004104190
6004104210
6004104220
6004104290
6004104310
6004104320
6004104390
6004104410
6004104420
6004104490
6004109100
6004109200
6004109300
6004109400
6004901000
6004903000
6004904000
6004909000
6005210000
6005220000
6005230000
6005240000
6005310010
6005310090
6005320000
6005330000
6005340000
6005410000
6005420000
6005430000
6005440000
6005901000
6005909000
6006100000
6006210000
6006220000
6006230000
6006240000
6006310000
6006320000
6006330000
6006340000
6006410000
6006420000
6006430000
6006440000
6006900000
