4301100000
4301300000
4301600000
4301800010
4301800020
4301800030
4301800090
4301900010
4301900020
4301900090
4302110000
4302191011
4302191012
4302191013
4302191014
4302191015
4302191016
4302191019
4302191020
4302199011
4302199012
4302199021
4302199022
4302199030
4302199040
4302199090
4302200010
4302200020
4302200030
4302200040
4302200090
4302300011
4302300012
4302300013
4302300014
4302300019
4302300091
4302300092
4302300093
4302300094
4302300099
4303100011
4303100019
4303100021
4303100022
4303100023
4303100029
4303100031
4303100039
4303100041
4303100042
4303100049
4303100051
4303100052
4303100059
4303100061
4303100069
4303100071
4303100079
4303100081
4303100089
4303100091
4303100092
4303100099
4303900011
4303900019
4303900021
4303900022
4303900023
4303900024
4303900025
4303900029
4303900030
4303900041
4303900049
4303900090
4304000000
