4201001000
4201009000
4202110011
4202110012
4202110019
4202110021
4202110029
4202110030
4202110040
4202110091
4202110092
4202110093
4202110094
4202121000
4202122000
4202190000
4202210010
4202210020
4202210030
4202210040
4202210091
4202210092
4202210093
4202210094
4202221000
4202222010
4202222090
4202290000
4202310011
4202310019
4202310020
4202310031
4202310039
4202310040
4202310091
4202310092
4202310093
4202310094
4202320011
4202320019
4202320020
4202390000
4202910011
4202910019
4202910021
4202910029
4202910031
4202910039
4202910091
4202910099
4202920011
4202920019
4202920020
4202990000
4203100010
4203100020
4203100030
4203100090
4203210000
4203290000
4203300010
4203300020
4203300030
4203300090
4203400000
4205000010
4205000021
4205000029
4205000030
4205000091
4205000092
4205000099
4206000000
