6901000000
6902101100
6902101800
6902101900
6902109000
6902201000
6902209100
6902209200
6902209300
6902209900
6902901000
6902902000
6902903000
6902904000
6902909000
6903101100
6903101200
6903101900
6903102000
6903103000
6903104000
6903109000
6903201000
6903202000
6903203000
6903209000
6903901100
6903901200
6903901900
6903909100
6903909200
6903909900
6904100000
6904900000
6905100011
6905100012
6905100019
6905100021
6905100022
6905100029
6905900000
6906000000
6907100000
6907900010
6907900020
6907900090
6908100000
6908900011
6908900019
6908900020
6908900030
6908900090
6909110000
6909121000
6909122000
6909123000
6909129000
6909191000
6909192000
6909193000
6909199010
6909199090
6909900000
6910100000
6910900000
6911101000
6911109000
6911900000
6912000010
6912000020
6912000090
6913100000
6913900000
6914100000
6914900000
