3901101000
3901109100
3901109200
3901201100
3901201900
3901202100
3901202900
3901301000
3901309000
3901901000
3901902000
3901903000
3901904000
3901905000
3901909000
3902101000
3902102000
3902200000
3902300000
3902900000
3903111000
3903112000
3903190010
3903190090
3903200000
3903301000
3903302000
3903901000
3903902000
3903909010
3903909090
3904101000
3904102000
3904109000
3904210000
3904220000
3904300000
3904401000
3904409000
3904501000
3904509000
3904611000
3904619000
3904691000
3904699000
3904900000
3905120000
3905191000
3905199000
3905210000
3905290000
3905300000
3905913000
3905919000
3905991000
3905992000
3905993000
3905999000
3906100000
3906901100
3906901200
3906901900
3906902100
3906902200
3906902900
3906903100
3906903200
3906903900
3906904100
3906904200
3906904300
3906904400
3906904500
3906904600
3906904700
3906904900
3907101000
3907102000
3907103100
3907103900
3907104100
3907104200
3907104900
3907109100
3907109900
3907201100
3907201200
3907202000
3907203100
3907203900
3907204100
3907204200
3907204900
3907209000
3907301100
3907301900
3907302100
3907302200
3907302900
3907401000
3907409000
3907501000
3907509000
3907600010
3907600090
3907700000
3907910000
3907991100
3907991200
3907991900
3907999100
3907999200
3907999900
3908101100
3908101200
3908101300
3908101400
3908101900
3908102100
3908102200
3908102300
3908102400
3908102900
3908901000
3908902000
3908909000
3909100010
3909100090
3909201100
3909201900
3909202100
3909202900
3909301000
3909302000
3909401100
3909401900
3909409100
3909409900
3909501100
3909501200
3909501900
3909502100
3909502900
3910001100
3910001200
3910001300
3910001900
3910002100
3910002900
3910003000
3910009000
3911101000
3911102100
3911102900
3911901100
3911901200
3911901300
3911901400
3911901900
3911902100
3911902200
3911902300
3911902400
3911902500
3911902600
3911902700
3911902900
3912111000
3912112000
3912120000
3912201010
3912201020
3912202110
3912202120
3912202910
3912202920
3912311100
3912311900
3912312100
3912312900
3912391000
3912392000
3912393000
3912399000
3912901000
3912902000
3912903100
3912903900
3912904000
3912909000
3913100000
3913901100
3913901200
3913901900
3913902000
3913903000
3913904000
3913905000
3913906000
3913909000
3914001100
3914001900
3914009000
3915100000
3915200000
3915300000
3915900000
3916100000
3916200000
3916901000
3916909000
3917101000
3917102100
3917102900
3917210010
3917210090
3917220010
3917220090
3917230000
3917290000
3917310000
3917321010
3917321090
3917322100
3917322910
3917322990
3917323010
3917323090
3917324000
3917325100
3917325900
3917329010
3917329090
3917330010
3917330090
3917390010
3917390090
3917401000
3917409010
3917409090
3918100000
3918900000
3919100000
3919900010
3919900090
3920101000
3920109100
3920109911
3920109912
3920109919
3920109990
3920201110
3920201190
3920201200
3920201910
3920201980
3920201990
3920209010
3920209090
3920300000
3920431000
3920439010
3920439020
3920439090
3920490010
3920490020
3920490090
3920510000
3920590000
3920610000
3920621100
3920621900
3920629100
3920629900
3920630000
3920690000
3920710010
3920710090
3920731000
3920739000
3920791000
3920799000
3920910010
3920910090
3920920000
3920930000
3920940000
3920991000
3920992000
3920993000
3920994000
3920995000
3920999000
3921110000
3921120010
3921120020
3921120090
3921131000
3921139000
3921140000
3921190000
3921901110
3921901190
3921901200
3921901910
3921901990
3921902000
3921909000
3922100000
3922200000
3922900010
3922900090
3923101000
3923109010
3923109090
3923211000
3923219000
3923291000
3923299000
3923300010
3923300020
3923300091
3923300099
3923400000
3923500010
3923500090
3923900010
3923900020
3923900090
3924100000
3924900010
3924900090
3925100000
3925200000
3925300000
3925901000
3925909000
3926100000
3926200010
3926200090
3926300010
3926300090
3926400000
3926901010
3926901090
3926902110
3926902190
3926902200
3926903000
3926904000
3926905000
3926906100
3926906900
3926909010
3926909020
3926909091
3926909099
