8501101100
8501101910
8501101990
8501102100
8501102900
8501103000
8501200010
8501200090
8501311010
8501311090
8501312000
8501321000
8501322010
8501322090
8501331000
8501332000
8501341100
8501341900
8501342000
8501401100
8501401900
8501402100
8501402900
8501511000
8501512000
8501519000
8501521000
8501522000
8501529000
8501531000
8501532000
8501533000
8501539000
8501610000
8501620000
8501630000
8501640000
8502111000
8502119000
8502121000
8502129000
8502131100
8502131900
8502139000
8502201100
8502201900
8502209000
8502310000
8502390000
8502401000
8502409000
8503001000
8503009000
8504100000
8504210000
8504220000
8504230000
8504311100
8504311900
8504319100
8504319200
8504319900
8504321100
8504321900
8504322100
8504322900
8504330000
8504340000
8504401010
8504401090
8504402100
8504402200
8504402900
8504403000
8504404000
8504405000
8504406000
8504409000
8504500000
8504901000
8504902000
8504903000
8504904000
8504909000
8505110000
8505191000
8505199000
8505201000
8505209000
8505901000
8505908000
8505909000
8506101000
8506102000
8506103000
8506301000
8506309000
8506401000
8506409000
8506501000
8506509000
8506601000
8506609000
8506801000
8506809000
8506900000
8507101000
8507109010
8507109090
8507201000
8507209000
8507301100
8507301900
8507309000
8507400000
8507500000
8507600000
8507800010
8507800020
8507800090
8507901010
8507901090
8507902010
8507902090
8507909010
8507909090
8508110000
8508190000
8508600000
8508700000
8509401000
8509402000
8509403000
8509404000
8509405000
8509409000
8509801000
8509809000
8509900000
8510100000
8510200000
8510300000
8510901100
8510901900
8510902000
8510909000
8511100010
8511100090
8511201010
8511201090
8511209010
8511209090
8511301010
8511301090
8511302010
8511302090
8511400010
8511400090
8511501010
8511501090
8511509000
8511801010
8511801090
8511802010
8511802090
8511803010
8511803090
8511809000
8511900000
8512100000
8512201110
8512201190
8512201910
8512201990
8512202110
8512202190
8512202210
8512202290
8512202310
8512202390
8512202910
8512202990
8512300010
8512300090
8512401010
8512401090
8512402010
8512402090
8512900010
8512900090
8513101000
8513109000
8513900000
8514101000
8514109000
8514201100
8514201900
8514202000
8514301100
8514301900
8514302100
8514302900
8514309000
8514400000
8514900000
8515110000
8515190000
8515210000
8515290000
8515311000
8515319000
8515390000
8515801000
8515809000
8515900000
8516100010
8516100020
8516100090
8516210000
8516290010
8516290020
8516290030
8516290090
8516310000
8516320000
8516330000
8516400000
8516500000
8516600010
8516600021
8516600022
8516600029
8516600030
8516600040
8516710000
8516720000
8516791000
8516792000
8516799000
8516801010
8516801090
8516809000
8516900000
8517110000
8517121100
8517121200
8517121300
8517121900
8517122100
8517122200
8517122300
8517122900
8517123100
8517123200
8517123300
8517123900
8517124100
8517124900
8517129000
8517181000
8517182000
8517189110
8517189190
8517189900
8517611100
8517611900
8517612000
8517613000
8517614100
8517614200
8517614300
8517614900
8517619100
8517619200
8517619900
8517621100
8517621200
8517621300
8517621400
8517621900
8517622100
8517622200
8517622300
8517622400
8517622900
8517623100
8517623200
8517623300
8517623900
8517624100
8517624800
8517624900
8517625100
8517625200
8517625300
8517625400
8517625500
8517625900
8517626100
8517626200
8517626400
8517626500
8517627100
8517627200
8517627700
8517627800
8517627900
8517629100
8517629200
8517629300
8517629400
8517629500
8517629600
8517629900
8517690010
8517690020
8517690090
8517701000
8517702100
8517702900
8517709100
8517709200
8517709900
8518101000
8518109000
8518210000
8518220000
8518291000
8518299000
8518300000
8518400000
8518500000
8518901000
8518909000
8519200000
8519300000
8519500000
8519811000
8519812000
8519819000
8519890000
8521101000
8521108100
8521108900
8521109000
8521901000
8521909000
8522100000
8522901000
8522902000
8522903000
8522904000
8522905000
8522909000
8523211000
8523212000
8523291100
8523291900
8523292100
8523292200
8523292300
8523292400
8523292900
8523293100
8523293200
8523293300
8523293900
8523299000
8523411000
8523419000
8523491000
8523492000
8523499000
8523511000
8523519000
8523520000
8523591000
8523599000
8523800000
8525501100
8525501200
8525501900
8525502100
8525502200
8525502300
8525502400
8525502900
8525601000
8525602000
8525609000
8525801100
8525801200
8525801300
8525801900
8525802100
8525802200
8525802900
8526100000
8526910000
8526920000
8527120000
8527130000
8527191000
8527199000
8527210000
8527290000
8527910000
8527920000
8527991000
8527999000
8528411000
8528412000
8528491000
8528492100
8528492900
8528511000
8528512000
8528591000
8528592000
8528610000
8528691000
8528699010
8528699090
8528711100
8528711910
8528711990
8528719000
8528720000
8528730000
8529101100
8529101900
8529109000
8529901100
8529901200
8529901900
8529902010
8529902090
8529903000
8529904000
8529909000
8530101000
8530109000
8530801000
8530809000
8530900000
8531101000
8531109010
8531109090
8531200000
8531800000
8531900010
8531900090
8532100000
8532211100
8532211900
8532219000
8532220000
8532231000
8532239000
8532241000
8532249000
8532251000
8532259000
8532291000
8532299000
8532301000
8532309000
8532900000
8533100000
8533211000
8533212000
8533219000
8533290000
8533311000
8533319000
8533391000
8533399000
8533401100
8533401200
8533401900
8533409100
8533409200
8533409900
8533900000
8534001100
8534001200
8534001300
8534001900
8534002000
8534003100
8534003200
8534003300
8534003900
8534004000
8534005100
8534005900
8535100000
8535210000
8535290000
8535301300
8535301700
8535301800
8535301900
8535302300
8535302700
8535302800
8535302900
8535401000
8535409000
8535900000
8536100000
8536200000
8536300000
8536410000
8536490000
8536501000
8536502000
8536503000
8536509011
8536509019
8536509090
8536610000
8536691000
8536699000
8536700000
8536901000
8536902000
8536903000
8536904000
8536905000
8536909010
8536909090
8537101100
8537101900
8537102000
8537103000
8537109000
8537201000
8537209000
8538100000
8538901000
8538902000
8538909000
8539101010
8539101090
8539109010
8539109090
8539211010
8539211090
8539219000
8539220000
8539291010
8539291090
8539299000
8539310010
8539310020
8539310030
8539310090
8539320000
8539390000
8539411000
8539419000
8539490000
8539901000
8539902000
8539909000
8540110000
8540120000
8540201100
8540201900
8540202000
8540209000
8540400000
8540601000
8540609000
8540710000
8540790000
8540810000
8540891000
8540899000
8540911000
8540912000
8540913000
8540914000
8540919000
8540990000
8541101100
8541101200
8541101900
8541102100
8541102200
8541102900
8541109100
8541109200
8541109900
8541211000
8541212000
8541219100
8541219900
8541291000
8541292000
8541301100
8541301900
8541302100
8541302900
8541401100
8541401200
8541401300
8541401400
8541401500
8541401600
8541401900
8541402100
8541402200
8541402300
8541402400
8541402500
8541402600
8541402700
8541402900
8541403100
8541403200
8541403900
8541501000
8541502000
8541601000
8541609000
8541901000
8541902000
8541909000
8542311000
8542312000
8542319000
8542321000
8542322100
8542322900
8542329100
8542329900
8542331100
8542331900
8542332000
8542339000
8542391100
8542391900
8542392000
8542393100
8542393900
8542399100
8542399900
8542901000
8542902000
8542909000
8543100000
8543200000
8543300000
8543701100
8543701200
8543701300
8543701400
8543701500
8543701900
8543702000
8543703100
8543703200
8543703300
8543703400
8543703500
8543703600
8543703900
8543704000
8543705000
8543709100
8543709200
8543709900
8543901000
8543909000
8544110000
8544191000
8544199000
8544200000
8544300010
8544300090
8544420000
8544490010
8544490090
8544600000
8544701000
8544702000
8544703000
8544709000
8545110000
8545191000
8545192000
8545199000
8545200000
8545901000
8545902000
8545903000
8545909000
8546100000
8546200000
8546900000
8547100000
8547201000
8547209000
8547900000
8548101000
8548109000
8548901000
8548909000
