0401101000
0401109000
0401201000
0401209000
0401401000
0401402100
0401402900
0401501000
0401502100
0401502900
0402101000
0402109000
0402211000
0402212000
0402213000
0402291000
0402292000
0402293000
0402910011
0402910012
0402910019
0402910021
0402910022
0402910029
0402910030
0402990010
0402990020
0403100000
0403900000
0404100000
0404900000
0405100000
0405200000
0405901010
0405901020
0405901090
0405909000
0406101000
0406109000
0406200010
0406200020
0406300000
0406400000
0406901000
0406902000
0406903000
0406909000
0407110000
0407190000
0407210000
0407290000
0407900000
0408110000
0408190000
0408910000
0408990000
0409000010
0409000090
0410000010
0410000020
0410000090
