4801001000
4801009000
4802100000
4802201000
4802209000
4802401000
4802409000
4802541000
4802549100
4802549910
4802549990
4802551000
4802559100
4802559200
4802559911
4802559919
4802559990
4802561000
4802569100
4802569200
4802569300
4802569911
4802569919
4802569990
4802571000
4802579100
4802579200
4802579300
4802579911
4802579919
4802579990
4802581000
4802589100
4802589200
4802589900
4802611000
4802619100
4802619200
4802619910
4802619990
4802621000
4802629100
4802629200
4802629910
4802629990
4802691000
4802699100
4802699200
4802699910
4802699990
4803001000
4803009011
4803009019
4803009020
4803009090
4804110000
4804190000
4804210000
4804290000
4804311000
4804319000
4804391000
4804399000
4804410000
4804420000
4804490000
4804510000
4804520000
4804591000
4804599000
4805110000
4805120000
4805190000
4805240000
4805250000
4805300000
4805401000
4805409010
4805409090
4805500000
4805910000
4805921000
4805929000
4805930000
4806100000
4806200000
4806300000
4806400000
4807000000
4808100000
4808400000
4808900000
4809200000
4809900000
4810131000
4810138100
4810138200
4810138910
4810138990
4810139000
4810141000
4810148100
4810148200
4810148910
4810148990
4810149000
4810191000
4810198100
4810198200
4810198910
4810198990
4810199000
4810221000
4810229000
4810291000
4810299010
4810299020
4810299090
4810311000
4810319000
4810321000
4810329000
4810391000
4810399000
4810921000
4810929000
4810991000
4810999000
4811101000
4811109000
4811411000
4811419000
4811491000
4811499000
4811511000
4811512100
4811512200
4811512300
4811512800
4811512900
4811513000
4811591000
4811592100
4811592200
4811592300
4811592900
4811593010
4811593090
4811601000
4811609000
4811901000
4811909010
4811909090
4812000000
4813100000
4813200000
4813900000
4814200000
4814900000
4816200000
4816901000
4816909000
4817100000
4817200000
4817300000
4818100000
4818200000
4818300000
4818500000
4818901000
4818909000
4819100000
4819200010
4819200090
4819300000
4819400010
4819400090
4819500000
4819600000
4820100000
4820200000
4820300000
4820400000
4820500000
4820900000
4821100000
4821900000
4822100000
4822900000
4823201010
4823201090
4823209100
4823209910
4823209990
4823400000
4823610000
4823690000
4823700010
4823700090
4823901000
4823902000
4823909111
4823909119
4823909120
4823909190
4823909910
4823909990
