2801100000
2801201000
2801209000
2801300000
2802000000
2803001100
2803001900
2803009000
2804100000
2804210000
2804291000
2804299000
2804300000
2804400000
2804500000
2804610000
2804690000
2804701000
2804702000
2804703000
2804800000
2804900000
2805110000
2805120000
2805191000
2805192000
2805199000
2805301000
2805309000
2805400000
2806101000
2806102000
2806200000
2807001000
2807002000
2808001000
2808002000
2809100000
2809201100
2809201900
2809202000
2809203000
2809209000
2810001000
2810009000
2811110000
2811191000
2811192000
2811193000
2811194000
2811195000
2811199000
2811210000
2811221000
2811222000
2811223000
2811229000
2811291000
2811299000
2812101100
2812101200
2812101300
2812101400
2812101500
2812101900
2812102100
2812102200
2812102300
2812102900
2812900000
2813100000
2813901000
2813909000
2814100000
2814200000
2815110010
2815110090
2815120000
2815200000
2815300000
2816101000
2816102000
2816401000
2816409000
2817001000
2817002000
2818101000
2818109000
2818201000
2818209000
2818300000
2819100000
2819901000
2819902000
2820100000
2820901000
2820902000
2820903000
2820904000
2821101100
2821101900
2821102000
2821103000
2821109000
2821200000
2822001000
2822009000
2823001000
2823009000
2824100000
2824901000
2824909000
2825101000
2825102000
2825201000
2825202000
2825301000
2825309000
2825401000
2825409000
2825501000
2825509000
2825601000
2825602000
2825701000
2825709000
2825801000
2825809000
2825901000
2825902000
2825909000
2826120000
2826191000
2826192000
2826199000
2826300000
2826901000
2826902000
2826909000
2827100000
2827201000
2827209000
2827311000
2827319000
2827320000
2827350000
2827391000
2827392000
2827394000
2827395000
2827396000
2827397000
2827399100
2827399200
2827399300
2827399400
2827399500
2827399600
2827399700
2827399800
2827399900
2827411000
2827412000
2827491100
2827491200
2827491900
2827492100
2827492900
2827510000
2827590000
2827601100
2827601200
2827601900
2827602100
2827602900
2828100000
2828901100
2828901900
2828902000
2828909000
2829110000
2829191000
2829192000
2829199000
2829901100
2829901200
2829901900
2829902100
2829902200
2829902900
2829903100
2829903200
2829903900
2829904000
2829905000
2830101000
2830102000
2830901100
2830901200
2830901300
2830901400
2830901500
2830901600
2830901900
2830902000
2831101100
2831101900
2831102100
2831102900
2831901000
2831909000
2832101000
2832109000
2832200000
2832301000
2832302000
2832309000
2833111000
2833119000
2833190000
2833210000
2833220000
2833240000
2833251000
2833252000
2833271000
2833279000
2833291000
2833292000
2833293000
2833294000
2833295000
2833296000
2833297000
2833299000
2833300000
2833401000
2833402000
2833409000
2834101000
2834109000
2834211000
2834219000
2834291000
2834293000
2834294000
2834299000
2835101100
2835101900
2835102100
2835102900
2835220000
2835240000
2835250000
2835260000
2835291000
2835292000
2835293000
2835294000
2835295000
2835296000
2835297000
2835298000
2835299000
2835311000
2835319000
2835391000
2835392000
2835393000
2835399000
2836201000
2836209000
2836300000
2836400000
2836500000
2836600000
2836910000
2836920000
2836991100
2836991200
2836991300
2836991900
2836992000
2837110000
2837191100
2837191200
2837191400
2837191500
2837191900
2837192000
2837201100
2837201200
2837201900
2837202100
2837202200
2837202300
2837202900
2837209000
2839110000
2839190000
2839901000
2839902000
2839903000
2839904000
2839905000
2839909000
2840110000
2840190000
2840200000
2840300000
2841300000
2841501100
2841501200
2841501300
2841501400
2841501500
2841501600
2841501900
2841502000
2841610000
2841691000
2841692000
2841693000
2841701000
2841702000
2841709000
2841801000
2841802000
2841809000
2841901100
2841901200
2841901300
2841901400
2841901500
2841901900
2841902100
2841902200
2841902900
2841903000
2841904100
2841904200
2841904300
2841904900
2841905000
2841906000
2841907000
2841908100
2841908200
2841908300
2841908900
2841909000
2842101000
2842109000
2842900000
2843100000
2843210000
2843291000
2843299000
2843301000
2843309000
2843901100
2843901900
2843909000
2844100000
2844200000
2844300000
2844401000
2844402000
2844403000
2844409000
2844500000
2845100000
2845900000
2846101000
2846109000
2846901000
2846902000
2846903000
2846909000
2847000000
2848001000
2848002000
2848003000
2848009000
2849100000
2849200000
2849901000
2849902000
2849903000
2849909000
2850001000
2850002000
2850009000
2852101100
2852101200
2852101300
2852101400
2852101900
2852102100
2852102200
2852102300
2852102400
2852102500
2852102900
2852900000
2853001000
2853002000
2853003100
2853003900
2853009000
