0501000000
0502101100
0502101900
0502109000
0502901000
0502902000
0504001111
0504001112
0504001113
0504001119
0504001190
0504001210
0504001290
0504001310
0504001390
0504001911
0504001919
0504001990
0504009011
0504009012
0504009019
0504009021
0504009029
0504009030
0504009041
0504009042
0504009043
0504009049
0505100000
0505900000
0506100000
0506900000
0507100000
0507900010
0507900090
0508000000
0510001000
0510009011
0510009012
0510009013
0510009014
0510009015
0510009019
0510009020
0510009090
0511100010
0511100090
0511911000
0511919000
0511991010
0511991090
0511992000
0511993000
0511999111
0511999112
0511999121
0511999122
0511999123
0511999131
0511999132
0511999910
0511999920
0511999931
0511999932
0511999939
0511999940
0511999950
0511999990
