5501100000
5501200000
5501300000
5501400000
5501900000
5502001010
5502001090
5502002000
5502009000
5503110000
5503191000
5503199000
5503201000
5503209000
5503300000
5503400000
5503901000
5503902000
5503909000
5504100000
5504901000
5504909000
5505100000
5505200000
5506100000
5506200000
5506300000
5506900000
5507000000
5508100011
5508100019
5508100020
5508200000
5509110000
5509121000
5509129000
5509210000
5509220000
5509310000
5509320000
5509410000
5509420000
5509510000
5509520000
5509530000
5509590000
5509610000
5509620000
5509690000
5509910000
5509920000
5509990000
5510110000
5510120000
5510200000
5510300000
5510900000
5511100000
5511200000
5511300000
5512110000
5512190000
5512210000
5512290000
5512911000
5512919000
5512991000
5512999000
5513110000
5513120000
5513130000
5513190000
5513210000
5513231000
5513239000
5513290000
5513310000
5513391100
5513391900
5513399000
5513410000
5513491100
5513491900
5513499000
5514110000
5514120000
5514191000
5514199000
5514210000
5514220000
5514230000
5514290000
5514301100
5514301200
5514301900
5514309000
5514410000
5514420000
5514430000
5514490000
5515110000
5515120000
5515130000
5515190000
5515210000
5515220000
5515290000
5515910000
5515991000
5515999000
5516110000
5516120000
5516130000
5516140000
5516210000
5516220000
5516230000
5516240000
5516310000
5516320000
5516330000
5516340000
5516410000
5516420000
5516430000
5516440000
5516910000
5516920000
5516930000
5516940000
