9401101000
9401109000
9401200000
9401301000
9401309000
9401401000
9401409000
9401510000
9401590000
9401610000
9401690000
9401710010
9401710090
9401790000
9401800011
9401800019
9401800020
9401800090
9401901000
9401909011
9401909012
9401909013
9401909019
9401909091
9401909099
9402100000
9402901000
9402902000
9402909000
9403100000
9403200000
9403300000
9403400000
9403500000
9403600000
9403700000
9403810000
9403890000
9403901000
9403909000
9404100000
9404210010
9404210020
9404290000
9404300000
9404900010
9404900020
9404900090
9405101000
9405109100
9405109200
9405109300
9405109900
9405200000
9405300000
9405401000
9405409000
9405500000
9405600000
9405910000
9405920000
9405990000
9406001000
9406009100
9406009200
9406009910
9406009990
