2901100000
2901210000
2901220000
2901230000
2901241000
2901242000
2901290000
2902110000
2902191000
2902199000
2902200000
2902300000
2902410000
2902420000
2902430000
2902440000
2902500000
2902600000
2902700000
2902901000
2902902000
2902903000
2902904000
2902909000
2903111000
2903112000
2903120000
2903130000
2903140000
2903150000
2903191000
2903192000
2903199000
2903210000
2903220000
2903230000
2903290000
2903310000
2903391100
2903391200
2903391900
2903392100
2903392900
2903393100
2903393200
2903393900
2903710000
2903720000
2903730000
2903740000
2903750000
2903760000
2903771100
2903771200
2903771300
2903772100
2903772200
2903772300
2903772400
2903773100
2903773200
2903773300
2903773400
2903773500
2903773600
2903773700
2903779000
2903780000
2903791100
2903791200
2903791900
2903792000
2903793100
2903793900
2903799000
2903811000
2903819000
2903821000
2903822000
2903823000
2903891000
2903899000
2903911000
2903912000
2903913000
2903921000
2903922000
2903991100
2903991200
2903991300
2903991400
2903991500
2903991600
2903991700
2903991800
2903991900
2903992100
2903992200
2903992300
2903992400
2903992900
2903993100
2903993900
2903999000
2904101100
2904101200
2904101300
2904101900
2904102000
2904103000
2904104000
2904105100
2904105200
2904105300
2904105900
2904106000
2904109000
2904201000
2904202000
2904203000
2904204100
2904204900
2904205100
2904205200
2904205900
2904206000
2904207000
2904209000
2904901100
2904901200
2904901300
2904901400
2904901500
2904901600
2904901700
2904901900
2904902100
2904902900
2904903000
2904904000
2904909000
2905110000
2905121000
2905122000
2905130000
2905141000
2905142000
2905143000
2905160000
2905171000
2905172000
2905173000
2905191100
2905191200
2905191900
2905192100
2905192200
2905192300
2905192900
2905199100
2905199200
2905199300
2905199400
2905199500
2905199600
2905199900
2905221000
2905222000
2905223000
2905229000
2905291000
2905299000
2905310000
2905320000
2905391000
2905392000
2905393000
2905399000
2905410000
2905420000
2905430000
2905440000
2905450000
2905490000
2905510000
2905591000
2905599000
2906110000
2906120000
2906130000
2906191000
2906192000
2906193000
2906194000
2906195000
2906199000
2906210000
2906291000
2906292000
2906299000
2907110000
2907120000
2907130000
2907151000
2907159000
2907191000
2907192000
2907193000
2907194000
2907199000
2907210000
2907220000
2907230000
2907290000
2908110000
2908191100
2908191200
2908191300
2908191400
2908191500
2908191900
2908192100
2908192900
2908199000
2908910000
2908920000
2908991200
2908991300
2908991900
2908992100
2908992900
2908993000
2908999000
2909110000
2909191000
2909199000
2909200000
2909301100
2909301200
2909301300
2909301400
2909301900
2909302100
2909302900
2909410000
2909431000
2909432000
2909441100
2909441200
2909441300
2909441900
2909442100
2909442900
2909491000
2909492100
2909492200
2909492300
2909492400
2909492900
2909493100
2909493200
2909493900
2909494100
2909494900
2909495000
2909499000
2909501100
2909501200
2909501300
2909501900
2909509000
2909601100
2909601200
2909601300
2909601900
2909602000
2910100000
2910200000
2910300000
2910400000
2910901000
2910903000
2910909000
2911001000
2911009000
2912110000
2912120000
2912191100
2912191200
2912191900
2912192100
2912192200
2912192300
2912192900
2912199100
2912199900
2912210000
2912291000
2912292000
2912299000
2912410000
2912420000
2912491000
2912492000
2912493000
2912494100
2912494900
2912499000
2912500000
2912600000
2913001000
2913009000
2914110000
2914120000
2914130000
2914191000
2914192100
2914192200
2914192300
2914192900
2914193000
2914194000
2914195000
2914199000
2914221000
2914222000
2914231000
2914232000
2914291000
2914292000
2914299000
2914310000
2914391000
2914399000
2914401000
2914409100
2914409900
2914501000
2914502000
2914509000
2914610000
2914691000
2914692000
2914699000
2914701100
2914701900
2914702100
2914702200
2914702900
2914709000
2915110000
2915121000
2915129000
2915131000
2915139000
2915210010
2915210090
2915240000
2915291000
2915292000
2915299000
2915310000
2915320000
2915330000
2915360000
2915391000
2915392100
2915392900
2915393100
2915393200
2915393900
2915394100
2915394200
2915395100
2915395200
2915395300
2915395400
2915395500
2915396100
2915396200
2915396300
2915399100
2915399200
2915399300
2915399400
2915399900
2915401000
2915402000
2915409000
2915501000
2915502000
2915503000
2915601100
2915601200
2915601900
2915602100
2915602900
2915701100
2915701900
2915702000
2915703100
2915703900
2915704000
2915901000
2915902100
2915902200
2915902300
2915902400
2915902900
2915903100
2915903200
2915903300
2915903900
2915904100
2915904200
2915905000
2915906000
2915909000
2916111000
2916112000
2916121000
2916122000
2916123000
2916124000
2916129000
2916131000
2916132000
2916141000
2916142000
2916143000
2916149000
2916151100
2916151900
2916152000
2916160000
2916191100
2916191900
2916192100
2916192200
2916192300
2916192900
2916199000
2916201100
2916201200
2916201300
2916201400
2916201500
2916201900
2916209000
2916311000
2916312100
2916312200
2916312900
2916313100
2916313200
2916313900
2916321000
2916322000
2916340000
2916391000
2916392000
2916393000
2916394000
2916399000
2917111000
2917112000
2917121000
2917122000
2917131000
2917132100
2917132200
2917132300
2917132900
2917140000
2917191000
2917192100
2917192200
2917193000
2917199000
2917200000
2917320000
2917330000
2917340000
2917350000
2917360000
2917370000
2917391100
2917391900
2917392000
2917393100
2917393900
2917394000
2917395000
2917399000
2918110000
2918120000
2918131000
2918132000
2918140000
2918150000
2918161000
2918169000
2918180000
2918191000
2918192100
2918192200
2918192900
2918193000
2918194100
2918194200
2918194300
2918199000
2918211000
2918212000
2918221100
2918221200
2918221900
2918222000
2918230000
2918291000
2918292100
2918292200
2918292300
2918292900
2918293000
2918294000
2918295000
2918299000
2918301000
2918302000
2918303100
2918303200
2918303300
2918303900
2918304000
2918309000
2918910000
2918991100
2918991200
2918991900
2918992100
2918992900
2918993000
2918994000
2918995000
2918996000
2918999100
2918999200
2918999300
2918999400
2918999900
2919100000
2919901000
2919902000
2919903000
2919904000
2919905000
2919906000
2919909000
2920111000
2920112000
2920191000
2920192000
2920199000
2920901300
2920901400
2920901500
2920901600
2920901700
2920901900
2920902100
2920902200
2920902900
2920903100
2920903200
2920903300
2920903900
2920904100
2920904200
2920904900
2920905100
2920905900
2920906100
2920906200
2920906300
2920906400
2920906900
2920909000
2921111100
2921111200
2921112100
2921112200
2921112300
2921112900
2921113100
2921113200
2921113900
2921191100
2921191200
2921191300
2921191400
2921191500
2921191900
2921192100
2921192200
2921192300
2921192400
2921192900
2921193100
2921193900
2921194100
2921194900
2921199100
2921199200
2921199300
2921199900
2921210000
2921220000
2921291000
2921292000
2921299000
2921301100
2921301200
2921301900
2921302000
2921309000
2921410000
2921421100
2921421900
2921422100
2921422900
2921423100
2921423900
2921424100
2921424900
2921429000
2921431100
2921431900
2921432100
2921432200
2921432300
2921432900
2921441000
2921442100
2921442200
2921442900
2921450000
2921461000
2921462000
2921463000
2921464000
2921465000
2921466000
2921467000
2921468000
2921469000
2921491000
2921492100
2921492200
2921492900
2921493100
2921493900
2921499000
2921511100
2921511200
2921511900
2921512000
2921513100
2921513200
2921513300
2921513400
2921513500
2921513900
2921519000
2921591100
2921591900
2921592100
2921592900
2921593100
2921593200
2921593900
2921599000
2922110000
2922120000
2922131000
2922132000
2922140000
2922191100
2922191200
2922191300
2922191900
2922192100
2922192900
2922193100
2922193900
2922194100
2922194900
2922195100
2922195200
2922195900
2922196100
2922196200
2922196900
2922199100
2922199200
2922199300
2922199400
2922199500
2922199900
2922210000
2922291100
2922291900
2922292000
2922299000
2922311100
2922311200
2922312000
2922313000
2922391000
2922392100
2922392900
2922399000
2922411000
2922419000
2922421000
2922422000
2922430000
2922441000
2922442000
2922491000
2922492000
2922493100
2922493200
2922494000
2922495100
2922495200
2922495900
2922496100
2922496200
2922496300
2922496400
2922496900
2922499000
2922501100
2922501900
2922502100
2922502900
2922503100
2922503200
2922503900
2922504100
2922504900
2922505000
2922509100
2922509900
2923100000
2923200000
2923901000
2923902000
2923903000
2923904000
2923905000
2923906000
2923909000
2924110000
2924121000
2924122000
2924123000
2924191100
2924191900
2924192100
2924192200
2924192900
2924193100
2924193200
2924193900
2924194200
2924194900
2924199100
2924199200
2924199300
2924199400
2924199900
2924211100
2924211900
2924212000
2924219000
2924230000
2924240000
2924291100
2924291200
2924291300
2924291400
2924291500
2924291900
2924292000
2924293100
2924293200
2924293900
2924294100
2924294200
2924294300
2924294400
2924294500
2924294600
2924294700
2924294900
2924295100
2924295200
2924295900
2924296100
2924296200
2924296300
2924296400
2924296900
2924299100
2924299200
2924299300
2924299400
2924299500
2924299600
2924299900
2925110000
2925120000
2925191000
2925199000
2925210000
2925291100
2925291900
2925292100
2925292200
2925292300
2925292900
2925293000
2925294000
2925295000
2925299000
2926100000
2926200000
2926301100
2926301200
2926302000
2926901100
2926901200
2926901900
2926902100
2926902200
2926902300
2926902400
2926902500
2926902600
2926902900
2926903000
2926909100
2926909200
2926909300
2926909500
2926909600
2926909900
2927001000
2927002100
2927002900
2927003000
2928001100
2928001900
2928002000
2928003000
2928004100
2928004200
2928009000
2929101000
2929102100
2929102900
2929103000
2929109000
2929901100
2929901200
2929901900
2929902100
2929902200
2929902900
2929909000
2930201100
2930201200
2930201300
2930201900
2930202100
2930202200
2930202300
2930202400
2930202900
2930301100
2930301200
2930301900
2930302100
2930302200
2930302900
2930309000
2930401000
2930409000
2930501000
2930502000
2930901100
2930901200
2930901300
2930901900
2930902100
2930902200
2930902300
2930902900
2930903100
2930903200
2930903300
2930903400
2930903500
2930903600
2930903700
2930903800
2930903900
2930904100
2930904200
2930904300
2930904900
2930905100
2930905200
2930905300
2930905400
2930905700
2930905900
2930906100
2930906900
2930907100
2930907200
2930907900
2930908100
2930908200
2930908300
2930908400
2930908500
2930908600
2930908700
2930908800
2930908900
2930909100
2930909300
2930909400
2930909500
2930909600
2930909700
2930909800
2930909900
2931100000
2931200000
2931902100
2931902900
2931903100
2931903200
2931903300
2931903400
2931903500
2931903600
2931903700
2931903800
2931904100
2931904200
2931904300
2931904400
2931904500
2931904600
2931904900
2931905100
2931905200
2931905300
2931905400
2931905900
2931906100
2931906200
2931906900
2931907100
2931907200
2931907300
2931907400
2931907500
2931907600
2931907700
2931907900
2931909000
2932110000
2932120000
2932131000
2932132000
2932191000
2932192000
2932193000
2932194000
2932195000
2932199000
2932200000
2932910000
2932920000
2932930000
2932940000
2932950000
2932991100
2932991200
2932991300
2932991400
2932999100
2932999200
2932999300
2932999400
2932999900
2933111100
2933111200
2933111900
2933112000
2933119000
2933191100
2933191900
2933199000
2933211000
2933212100
2933212900
2933219000
2933291100
2933291200
2933291300
2933291900
2933292100
2933292200
2933292300
2933292400
2933292500
2933292900
2933293000
2933294000
2933299100
2933299200
2933299300
2933299400
2933299500
2933299900
2933311000
2933312000
2933320000
2933331100
2933331200
2933331900
2933332100
2933332200
2933332900
2933333000
2933334100
2933334200
2933334900
2933335100
2933335200
2933335900
2933336100
2933336200
2933336300
2933336900
2933337100
2933337200
2933337900
2933338100
2933338200
2933338300
2933338400
2933338900
2933339100
2933339200
2933339300
2933339900
2933391200
2933391300
2933391400
2933391500
2933391900
2933392100
2933392200
2933392300
2933392400
2933392500
2933392900
2933393100
2933393200
2933393300
2933393400
2933393500
2933393600
2933393900
2933394300
2933394400
2933394500
2933394600
2933394700
2933394800
2933394900
2933398100
2933398200
2933398300
2933398400
2933398900
2933399100
2933399200
2933399300
2933399400
2933399900
2933411000
2933412000
2933491100
2933491200
2933491300
2933491900
2933492000
2933493000
2933494000
2933499000
2933520000
2933531100
2933531200
2933532100
2933532200
2933532300
2933533000
2933534000
2933535000
2933536000
2933537100
2933537200
2933538000
2933540000
2933551000
2933552000
2933553000
2933554000
2933591100
2933591200
2933591300
2933591400
2933591500
2933591600
2933591900
2933592100
2933592200
2933592300
2933592900
2933593100
2933593200
2933593300
2933593400
2933593500
2933593900
2933594100
2933594200
2933594300
2933594400
2933594500
2933594900
2933599100
2933599200
2933599900
2933610000
2933691100
2933691200
2933691300
2933691400
2933691500
2933691600
2933691900
2933692100
2933692200
2933692300
2933692900
2933699100
2933699200
2933699900
2933710000
2933721000
2933722000
2933791000
2933799000
2933911100
2933911200
2933911300
2933911400
2933911500
2933911900
2933912100
2933912200
2933912300
2933912900
2933913100
2933913200
2933913300
2933913400
2933913900
2933914100
2933914200
2933914300
2933914900
2933915100
2933915200
2933915300
2933915900
2933916100
2933916200
2933916300
2933916400
2933916900
2933917100
2933917200
2933917300
2933917900
2933918100
2933918200
2933918300
2933918900
2933991100
2933991200
2933991300
2933991900
2933992000
2933993100
2933993200
2933993300
2933993400
2933993500
2933993900
2933994100
2933994200
2933994300
2933994400
2933994500
2933994600
2933994700
2933994900
2933995100
2933995200
2933995300
2933995400
2933995500
2933995600
2933995900
2933996100
2933996200
2933996300
2933996900
2933999100
2933999200
2933999300
2933999500
2933999600
2933999900
2934101000
2934102000
2934103000
2934109000
2934201000
2934202000
2934203100
2934203200
2934203300
2934203400
2934203900
2934204000
2934209000
2934301000
2934302000
2934303000
2934309000
2934911100
2934911200
2934912100
2934912200
2934912300
2934912900
2934913100
2934913200
2934913300
2934914100
2934914200
2934914900
2934915000
2934916000
2934917000
2934991100
2934991200
2934991300
2934991400
2934991500
2934991900
2934992200
2934992300
2934992400
2934992500
2934992600
2934992700
2934992900
2934993100
2934993200
2934993300
2934993400
2934993500
2934993900
2934994100
2934994200
2934994300
2934994400
2934994500
2934994600
2934994900
2934995100
2934995200
2934995300
2934995400
2934995900
2934996100
2934996900
2934999100
2934999200
2934999300
2934999900
2935001100
2935001200
2935001300
2935001400
2935001500
2935001900
2935002100
2935002200
2935002300
2935002400
2935002500
2935002900
2935009100
2935009200
2935009300
2935009400
2935009500
2935009600
2935009700
2935009900
2936211100
2936211200
2936211300
2936211900
2936219000
2936221000
2936222000
2936229000
2936231000
2936232000
2936239000
2936241000
2936249000
2936251000
2936252000
2936259000
2936261000
2936262000
2936263000
2936269000
2936271000
2936272000
2936279000
2936281100
2936281200
2936281900
2936289000
2936291100
2936291900
2936292100
2936292900
2936293100
2936293900
2936294000
2936295100
2936295200
2936295300
2936295900
2936299000
2936900000
2937110000
2937120000
2937191000
2937192000
2937193000
2937194000
2937195000
2937199000
2937211000
2937212000
2937213000
2937214000
2937221000
2937222100
2937222900
2937223100
2937223900
2937229000
2937231000
2937232100
2937232200
2937232900
2937233100
2937233900
2937234100
2937234200
2937234900
2937235100
2937235900
2937236000
2937237000
2937239100
2937239200
2937239900
2937291000
2937292000
2937293100
2937293900
2937294000
2937295000
2937296000
2937299000
2937500000
2937901000
2937903000
2937904000
2937909000
2938100000
2938901000
2938902000
2938909000
2939111000
2939112100
2939112200
2939112300
2939113100
2939113200
2939114000
2939115100
2939115200
2939115300
2939116100
2939116200
2939116900
2939117000
2939118100
2939118200
2939119100
2939119200
2939190000
2939200000
2939301000
2939302000
2939410000
2939420000
2939430000
2939440000
2939490000
2939510000
2939591000
2939592000
2939599000
2939610000
2939620000
2939630000
2939691100
2939691900
2939692100
2939692900
2939693100
2939693900
2939694100
2939694200
2939694900
2939695100
2939695200
2939695900
2939699000
2939911100
2939911200
2939911900
2939912000
2939913000
2939914000
2939991100
2939991900
2939992000
2939993100
2939993900
2939994000
2939999000
2940001100
2940001200
2940001300
2940001900
2940002100
