0201100010
0201100020
0201201000
0201202000
0201209010
0201209020
0201209030
0201300010
0201300020
0201300030
0201300041
0201300049
0201300092
0201300094
0201300099
0202100000
0202201000
0202202000
0202209010
0202209020
0202209030
0202300020
0202300030
0202300040
0202300050
0202300061
0202300069
0202300092
0202300094
0202300099
0203110000
0203120000
0203190000
0203210000
0203220000
0203290000
0204100000
0204210010
0204210020
0204210030
0204210040
0204210090
0204220000
0204230000
0204300000
0204410010
0204410020
0204410030
0204410040
0204410090
0204420010
0204420020
0204420090
0204430010
0204430021
0204430022
0204430029
0204430091
0204430099
0204500000
0205000011
0205000012
0205000013
0205000014
0205000015
0205000020
0205000031
0205000032
0205000033
0205000034
0205000035
0205000039
0205000041
0205000042
0205000043
0205000044
0205000049
0205000090
0206100010
0206100020
0206100030
0206100040
0206100050
0206100090
0206210000
0206220000
0206291000
0206299010
0206299020
0206299030
0206299040
0206299050
0206299060
0206299070
0206299091
0206299092
0206299099
0206300000
0206410000
0206490000
0206800000
0206900011
0206900012
0206900013
0206900014
0206900015
0206900019
0206900021
0206900022
0206900023
0206900029
0206900030
0207110000
0207120000
0207130010
0207130020
0207140010
0207140021
0207140029
0207240000
0207250000
0207260010
0207260020
0207270010
0207270020
0207410000
0207420000
0207430000
0207440010
0207440090
0207450010
0207450090
0207510000
0207520000
0207530000
0207540010
0207540090
0207550010
0207550090
0207600010
0207600020
0207600030
0207600040
0207600050
0207600060
0207600070
0208100010
0208100020
0208100030
0208300000
0208400000
0208500000
0208600000
0208900010
0208900020
0208900030
0209101100
0209101900
0209102100
0209102900
0209900000
0210110010
0210110020
0210120000
0210190010
0210190020
0210190090
0210200010
0210200020
0210200090
0210910000
0210920000
0210930000
0210990011
0210990012
0210990019
0210990021
0210990022
0210990023
0210990029
0210990030
