2501001100
2501001900
2501002000
2501009000
2502000000
2503001000
2503009000
2504100000
2504900000
2505100000
2505900000
2506100000
2506200000
2507001000
2507009000
2508100000
2508300000
2508401000
2508409000
2508500000
2508600000
2508700000
2509000000
2510101000
2510109000
2510201000
2510209000
2511100000
2511200000
2512000000
2513100000
2513200000
2514000000
2515110000
2515121000
2515122000
2515200000
2516110000
2516120000
2516200000
2516900000
2517100010
2517100090
2517200000
2517300000
2517410000
2517490000
2518100000
2518200000
2518300000
2519100000
2519901000
2519909000
2520101100
2520101900
2520102000
2520201000
2520209000
2521000000
2522100000
2522200000
2522300000
2523100000
2523210000
2523291000
2523299000
2523300000
2523900000
2524100000
2524900000
2525100000
2525200000
2525300000
2526100000
2526200010
2526200020
2528000000
2529100000
2529210000
2529220000
2529300000
2530101000
2530109000
2530200000
2530901000
2530902000
2530903000
2530904000
2530909000
