9503001000
9503002100
9503002200
9503002900
9503003100
9503003900
9503004000
9503005000
9503006000
9503007000
9503008000
9503009100
9503009700
9503009800
9503009900
9504200000
9504300010
9504300090
9504400000
9504500000
9504901000
9504909000
9505100000
9505900000
9506110000
9506120000
9506190000
9506210000
9506290000
9506310000
9506320000
9506390000
9506400000
9506510000
9506590000
9506610000
9506620010
9506620090
9506690000
9506700000
9506910000
9506990000
9507100000
9507200000
9507300000
9507900000
9508100000
9508901000
9508902000
9508903000
9508909000
