9601100000
9601900000
9602001000
9602002000
9602009000
9603100000
9603210000
9603290000
9603300000
9603401010
9603401090
9603409000
9603500010
9603500090
9603900010
9603900090
9604000000
9605000000
9606100000
9606210000
9606220000
9606290000
9606300000
9607110000
9607190010
9607190090
9607200000
9608100000
9608200000
9608300000
9608400000
9608500000
9608600000
9608910000
9608998100
9608998900
9608999000
9609100000
9609200000
9609900000
9610000000
9611000000
9612101100
9612101200
9612101300
9612101900
9612109000
9612200000
9613100000
9613200000
9613800000
9613900000
9614000000
9615110000
9615190000
9615900000
9616100000
9616200000
9617001010
9617001090
9617002000
9618000000
9619000000
