9101110000
9101190000
9101210000
9101290000
9101910000
9101990000
9102111000
9102119000
9102121000
9102122000
9102129000
9102190000
9102210000
9102290000
9102910000
9102990000
9103100000
9103900000
9104000010
9104000090
9105110000
9105190000
9105210000
9105290000
9105910000
9105990000
9106100000
9106900000
9107001000
9107009000
9108111000
9108119000
9108120000
9108190000
9108200000
9108900000
9109100010
9109100090
9109900000
9110111000
9110119000
9110120000
9110190000
9110900000
9111100000
9111201000
9111209000
9111800000
9111901000
9111909000
9112200000
9112900000
9113100000
9113200000
9113900000
9114100000
9114300000
9114400000
9114901000
9114902000
9114903000
9114904000
9114905000
9114906000
9114907000
9114909000
