5401101100
5401101200
5401109000
5401201100
5401201200
5401209000
5402110000
5402191000
5402199000
5402200000
5402311100
5402311900
5402319000
5402321100
5402321900
5402329000
5402331000
5402332000
5402339000
5402340000
5402390000
5402440000
5402451000
5402452000
5402459000
5402460000
5402470000
5402471000
5402472000
5402479000
5402480000
5402491000
5402499000
5402511000
5402519000
5402520010
5402520090
5402590000
5402611000
5402619000
5402620000
5402690000
5403100000
5403310000
5403320000
5403330000
5403390000
5403410000
5403420000
5403490000
5404110000
5404120000
5404191100
5404191900
5404199000
5404900000
5405000000
5406001000
5406002000
5407101100
5407101910
5407101920
5407102100
5407102910
5407102920
5407200000
5407300000
5407410000
5407420000
5407430000
5407440000
5407510000
5407521000
5407522000
5407530000
5407540000
5407610000
5407690000
5407710000
5407720000
5407730000
5407740000
5407810000
5407820000
5407830000
5407840000
5407910000
5407920000
5407930000
5407940000
5408100000
5408210000
5408220000
5408230000
5408240000
5408310000
5408320000
5408330000
5408340000
