2601110000
2601121000
2601129000
2601200000
2602001000
2602009000
2603001000
2603009000
2604000000
2605000000
2606001100
2606001200
2606009000
2607000000
2608001000
2608009000
2609000000
2610001000
2610009000
2611000000
2612100000
2612200000
2613101000
2613109000
2613901000
2613909000
2614001000
2614009000
2615101000
2615102000
2615109000
2615900000
2616100000
2616900000
2617100000
2617900000
2618000000
2619000000
2620110000
2620190000
2620210000
2620290000
2620300000
2620400000
2620600000
2620910000
2620991000
2620999000
2621100000
2621901000
2621909000
