3001201000
3001209000
3001901000
3001902000
3001903100
3001903900
3001909000
3002101100
3002101200
3002101300
3002101400
3002101500
3002101600
3002101900
3002102200
3002102300
3002102400
3002102500
3002102600
3002102900
3002103100
3002103200
3002103300
3002103400
3002103500
3002103600
3002103700
3002103800
3002103900
3002201100
3002201200
3002201300
3002201400
3002201500
3002201600
3002201700
3002201800
3002201900
3002202100
3002202200
3002202300
3002202400
3002202500
3002202600
3002202700
3002202800
3002202900
3002301000
3002302000
3002303000
3002304000
3002305000
3002306000
3002307000
3002308000
3002309010
3002309020
3002309030
3002309090
3002901000
3002902000
3002903000
3002909100
3002909200
3002909300
3002909400
3002909910
3002909990
3003101100
3003101200
3003101300
3003101400
3003101500
3003101900
3003102000
3003201100
3003201900
3003202100
3003202900
3003203100
3003203200
3003203900
3003204100
3003204900
3003205100
3003205200
3003205900
3003206100
3003206200
3003206300
3003206900
3003207100
3003207200
3003207300
3003207900
3003209100
3003209200
3003209300
3003209400
3003209500
3003209900
3003310000
3003391100
3003391200
3003391300
3003391400
3003391500
3003391600
3003391700
3003391800
3003391900
3003392100
3003392200
3003392300
3003392400
3003392500
3003392600
3003392700
3003392900
3003393100
3003393200
3003393300
3003393400
3003393500
3003393600
3003393700
3003393900
3003398100
3003398200
3003399100
3003399200
3003399400
3003399500
3003399900
3003401000
3003402000
3003403000
3003404000
3003405000
3003409000
3003901100
3003901200
3003901300
3003901400
3003901500
3003901600
3003901700
3003901900
3003902100
3003902200
3003902300
3003902900
3003903100
3003903200
3003903300
3003903400
3003903500
3003903600
3003903700
3003903800
3003903900
3003904100
3003904200
3003904300
3003904400
3003904500
3003904600
3003904700
3003904800
3003904900
3003905100
3003905200
3003905300
3003905400
3003905500
3003905600
3003905700
3003905800
3003905900
3003906100
3003906200
3003906300
3003906400
3003906500
3003906600
3003906700
3003906900
3003907100
3003907200
3003907300
3003907400
3003907500
3003907600
3003907700
3003907800
3003907900
3003908100
3003908200
3003908310
3003908390
3003908400
3003908500
3003908600
3003908700
3003908800
3003908900
3003909100
3003909200
3003909300
3003909400
3003909500
3003909600
3003909910
3003909990
3004101110
3004101190
3004101200
3004101310
3004101390
3004101410
3004101490
3004101510
3004101590
3004101910
3004101990
3004102000
3004201100
3004201900
3004202100
3004202900
3004203100
3004203200
3004203900
3004204100
3004204900
3004205100
3004205200
3004205900
3004206100
3004206200
3004206300
3004206900
3004207100
3004207200
3004207300
3004207900
3004209100
3004209200
3004209300
3004209400
3004209500
3004209910
3004209990
3004310000
3004321000
3004322000
3004329000
3004391100
3004391200
3004391300
3004391400
3004391500
3004391600
3004391700
3004391800
3004391900
3004392100
3004392200
3004392300
3004392400
3004392500
3004392600
3004392700
3004392800
3004392900
3004393100
3004393200
3004393300
3004393400
3004393500
3004393600
3004393700
3004393900
3004398100
3004398200
3004399100
3004399200
3004399400
3004399900
3004401000
3004402000
3004403000
3004404000
3004405000
3004409000
3004501000
3004502000
3004503000
3004504000
3004505000
3004506000
3004509000
3004901100
3004901200
3004901300
3004901900
3004902100
3004902200
3004902300
3004902400
3004902500
3004902600
3004902700
3004902800
3004902900
3004903100
3004903200
3004903300
3004903400
3004903500
3004903600
3004903700
3004903800
3004903900
3004904100
3004904200
3004904300
3004904400
3004904500
3004904610
3004904690
3004904700
3004904800
3004904910
3004904990
3004905100
3004905200
3004905300
3004905400
3004905500
3004905700
3004905800
3004905910
3004905990
3004906100
3004906200
3004906300
3004906400
3004906500
3004906600
3004906700
3004906800
3004906910
3004906990
3004907100
3004907200
3004907310
3004907390
3004907400
3004907500
3004907600
3004907700
3004907800
3004907900
3004909100
3004909200
3004909300
3004909400
3004909500
3004909600
3004909910
3004909990
3005101000
3005102000
3005103000
3005104000
3005105000
3005109000
3005901100
3005901200
3005901900
3005902000
3005909010
3005909090
3006101000
3006102000
3006109000
3006200000
3006301100
3006301200
3006301300
3006301500
3006301600
3006301700
3006301800
3006301900
3006302100
3006302900
3006401100
3006401200
3006402000
3006500000
3006600000
3006700000
3006911000
3006919000
3006920000
