2001100000
2001900000
2002100000
2002901000
2002909010
2002909019
2002909090
2003100000
2003900000
2004100000
2004900000
2005100000
2005200000
2005400000
2005510000
2005590000
2005600000
2005700000
2005800000
2005910000
2005990011
2005990019
2005990020
2006000000
2007100000
2007910000
2007991010
2007991020
2007991030
2007991090
2007999011
2007999012
2007999019
2007999090
2008110000
2008190000
2008201000
2008209000
2008300000
2008401000
2008409000
2008500000
2008601000
2008609000
2008701000
2008702000
2008709000
2008800000
2008910000
2008930000
2008971000
2008979000
2008990000
2009110010
2009110090
2009120010
2009120090
2009190010
2009190090
2009210010
2009210090
2009290010
2009290090
2009310011
2009310019
2009310091
2009310099
2009390011
2009390019
2009390091
2009390099
2009410000
2009490000
2009500000
2009610000
2009690000
2009710000
2009790000
2009810000
2009891000
2009899000
2009900000
