1201100000
1201900000
1202300000
1202410000
1202420000
1203000000
1204001000
1204009000
1205101000
1205109000
1205901000
1205909000
1206001000
1206009000
1207101000
1207109000
1207210000
1207290000
1207301000
1207309000
1207401000
1207409000
1207501000
1207509000
1207601000
1207609000
1207701000
1207709000
1207911000
1207919000
1207991000
1207999000
1208100000
1208900010
1208900020
1208900030
1208900090
1209100000
1209210000
1209220000
1209230000
1209240000
1209250000
1209290010
1209290020
1209290090
1209300000
1209910000
1209990010
1209990020
1209990090
1210100000
1210201000
1210202000
1211200000
1211300000
1211400000
1211901000
1211909010
1211909020
1211909090
1212210000
1212290000
1212910000
1212920000
1212930000
1212940000
1212991000
1212999000
1213000000
1214100000
1214900000
