8301100000
8301200000
8301300000
8301400000
8301500010
8301500090
8301600010
8301600090
8301700010
8301700090
8302100010
8302100090
8302200000
8302300000
8302410000
8302420000
8302490000
8302500000
8302600000
8303000000
8304000000
8305100000
8305200000
8305900000
8306100000
8306210000
8306290000
8306300000
8307101000
8307109010
8307109090
8307900010
8307900090
8308100000
8308200000
8308901000
8308902000
8308909000
8309100000
8309900010
8309900091
8309900092
8309900099
8310000010
8310000090
8311100000
8311200000
8311300000
8311900000
