6201110000
6201120000
6201130000
6201190000
6201910000
6201920000
6201930000
6201990000
6202110000
6202120000
6202130000
6202190000
6202910000
6202920000
6202930000
6202990000
6203110000
6203120000
6203190010
6203190020
6203190030
6203190090
6203220000
6203230000
6203291000
6203299010
6203299020
6203299090
6203310000
6203320000
6203330000
6203390010
6203390020
6203390090
6203410000
6203420010
6203420090
6203430000
6203490010
6203490020
6203490090
6204110000
6204120000
6204130000
6204190010
6204190020
6204190090
6204210000
6204220000
6204230000
6204290010
6204290020
6204290090
6204310000
6204320000
6204330000
6204390010
6204390020
6204390090
6204410000
6204420000
6204430000
6204440000
6204490020
6204490090
6204510000
6204520000
6204530000
6204590010
6204590020
6204590090
6204610000
6204620010
6204620090
6204630000
6204690010
6204690020
6204690090
6205200000
6205300000
6205901000
6205909000
6206100000
6206200000
6206300000
6206400000
6206900000
6207110000
6207190000
6207210000
6207220000
6207290000
6207910000
6207991000
6207999000
6208110000
6208190000
6208210000
6208220010
6208220020
6208290000
6208910000
6208920010
6208920020
6208990000
6209200000
6209300000
6209901000
6209909000
6210100010
6210100090
6210200000
6210300000
6210400000
6210500000
6211110000
6211120000
6211200000
6211320000
6211330000
6211391000
6211399000
6211420000
6211430010
6211430020
6211490020
6211490090
6212100000
6212200000
6212300000
6212900000
6213200000
6213901000
6213909000
6214100000
6214200000
6214300000
6214400000
6214901000
6214909000
6215100000
6215200000
6215900000
6216000000
6217100000
6217900000
