7201100000
7201200000
7201500000
7202110000
7202190000
7202210000
7202290000
7202300000
7202410000
7202490000
7202500000
7202600000
7202700000
7202800000
7202910000
7202920000
7202930000
7202991000
7202999000
7203100000
7203900000
7204100000
7204210010
7204210090
7204290000
7204300000
7204410000
7204490000
7204500000
7205100000
7205210000
7205291000
7205292000
7205299000
7206100000
7206900000
7207111000
7207119000
7207120000
7207190000
7207200000
7208100010
7208100090
7208250000
7208261000
7208269000
7208271000
7208279000
7208361000
7208369000
7208370000
7208381000
7208389000
7208391000
7208399000
7208400000
7208510000
7208520000
7208530000
7208540000
7208900000
7209150000
7209160000
7209170000
7209180000
7209250000
7209260010
7209260090
7209270010
7209270090
7209280000
7209900000
7210110000
7210120000
7210200000
7210301000
7210309000
7210411000
7210419000
7210491000
7210499000
7210500000
7210610010
7210610090
7210691100
7210691900
7210699000
7210701000
7210702000
7210900000
7211130000
7211140000
7211190000
7211230000
7211291000
7211292000
7211901000
7211909000
7212100000
7212201000
7212209000
7212300000
7212401000
7212402100
7212402900
7212501000
7212509000
7212600000
7213100000
7213200000
7213911000
7213919000
7213991000
7213999000
7214101000
7214109000
7214200010
7214200090
7214300000
7214910010
7214910090
7214991010
7214991090
7214999010
7214999090
7215100000
7215500000
7215901000
7215909000
7216100000
7216210000
7216220000
7216310000
7216320000
7216330000
7216401000
7216409000
7216500000
7216611000
7216619000
7216691000
7216699000
7216910000
7216990000
7217101100
7217101910
7217101990
7217109010
7217109090
7217201000
7217209000
7217301000
7217309000
7217900000
7218100000
7218910000
7218990000
7219110000
7219120000
7219130000
7219140000
7219210000
7219220000
7219230000
7219240000
7219310000
7219320000
7219330000
7219340000
7219350000
7219901000
7219909000
7220110000
7220121000
7220122000
7220129000
7220201000
7220209000
7220900000
7221000000
7222110000
7222191000
7222199000
7222200000
7222300000
7222401000
7222409000
7223000000
7224100000
7224900000
7225110000
7225190000
7225300000
7225401000
7225402000
7225409000
7225501000
7225509000
7225910000
7225920000
7225991000
7225999000
7226110000
7226190000
7226201000
7226209000
7226910000
7226920000
7226990000
7227100000
7227200000
7227900000
7228101000
7228109000
7228200000
7228300000
7228400000
7228500000
7228600000
7228700000
7228800000
7229200000
7229900000
