6101200000
6101300000
6101901000
6101909000
6102100000
6102200000
6102300000
6102900000
6103101000
6103102000
6103109000
6103220000
6103230000
6103291000
6103299000
6103310000
6103320000
6103330000
6103390000
6103410000
6103420000
6103430000
6103490000
6104130000
6104191000
6104192000
6104199000
6104220000
6104230000
6104291000
6104299000
6104310000
6104320000
6104330000
6104390000
6104410000
6104420000
6104430000
6104440000
6104490000
6104510000
6104520000
6104530000
6104590000
6104610000
6104620000
6104630000
6104690000
6105100000
6105200000
6105900000
6106100000
6106200000
6106900000
6107110000
6107120000
6107190000
6107210000
6107220000
6107290000
6107910000
6107991000
6107999000
6108110010
6108110020
6108190000
6108210000
6108220010
6108220020
6108290000
6108310000
6108320010
6108320020
6108390000
6108910000
6108920010
6108920020
6108990000
6109100000
6109900000
6110110000
6110120000
6110190000
6110200000
6110300010
6110300020
6110900000
6111200000
6111300000
6111901000
6111909000
6112110000
6112120000
6112190000
6112200000
6112310000
6112390000
6112410000
6112490010
6112490090
6113000000
6114200000
6114300000
6114901000
6114909000
6115101100
6115101200
6115101300
6115101400
6115101900
6115102100
6115102200
6115102900
6115109100
6115109200
6115109310
6115109390
6115109900
6115210000
6115220000
6115291000
6115292000
6115299000
6115301000
6115302000
6115309000
6115940000
6115950000
6115960000
6115990000
6116100000
6116910000
6116920000
6116930000
6116990000
6117100010
6117100090
6117801000
6117809010
6117809090
6117900000
