3701101000
3701102100
3701102900
3701201000
3701202000
3701301000
3701302100
3701302200
3701302900
3701303100
3701303900
3701304000
3701305000
3701309000
3701910000
3701990000
3702101000
3702102000
3702310000
3702320000
3702390000
3702410000
3702421000
3702429000
3702431000
3702432000
3702439000
3702441000
3702442100
3702442200
3702442900
3702520000
3702530000
3702541100
3702541200
3702541900
3702549100
3702549900
3702551000
3702559000
3702560000
3702960000
3702970000
3702980000
3703101000
3703102100
3703102900
3703200000
3703901000
3703909000
3704000000
3705100000
3705901000
3705909000
3706100000
3706900000
3707100000
3707901000
3707902100
3707902900
3707903000
3707909000
