5201001000
5201002000
5201009000
5202100000
5202910000
5202990000
5203000000
5204111100
5204111200
5204112000
5204113100
5204113200
5204114000
5204191100
5204191200
5204192000
5204193100
5204193200
5204194000
5204200000
5205110000
5205120010
5205120090
5205131000
5205139000
5205140010
5205140090
5205150000
5205210010
5205210090
5205220010
5205220090
5205231000
5205239000
5205240010
5205240090
5205260010
5205260090
5205270010
5205270090
5205280010
5205280090
5205310010
5205310090
5205320010
5205320090
5205330010
5205330090
5205340010
5205340090
5205350010
5205350090
5205410000
5205420000
5205430000
5205440000
5205460000
5205470000
5205480000
5206110010
5206110090
5206120010
5206120090
5206130010
5206130090
5206140010
5206140090
5206150010
5206150090
5206210010
5206210090
5206220010
5206220090
5206230010
5206230090
5206240010
5206240090
5206250010
5206250090
5206310000
5206320000
5206330000
5206340000
5206350000
5206410000
5206420000
5206430000
5206440000
5206450000
5207100000
5207900000
5208110000
5208120000
5208130000
5208190000
5208210000
5208220000
5208230000
5208290000
5208310000
5208320000
5208330000
5208390000
5208410000
5208420000
5208430000
5208490000
5208510000
5208520000
5208591000
5208599000
5209110000
5209120000
5209190000
5209210000
5209220000
5209290000
5209310000
5209320000
5209390000
5209410000
5209421000
5209429010
5209429090
5209430000
5209490000
5209510000
5209520000
5209590000
5210110000
5210191000
5210199000
5210210000
5210291000
5210299000
5210310000
5210320000
5210390000
5210410000
5210491000
5210499000
5210510000
5210591000
5210599000
5211110000
5211120000
5211190000
5211201000
5211202000
5211209000
5211310000
5211320000
5211390000
5211410000
5211421000
5211429010
5211429090
5211430000
5211490000
5211510000
5211520000
5211590000
5212110000
5212120000
5212130000
5212140000
5212150000
5212210000
5212220000
5212230000
5212240000
5212250000
