6801000000
6802100000
6802210000
6802230000
6802290000
6802910000
6802920000
6802931000
6802939010
6802939090
6802991000
6802999000
6803000000
6804100000
6804211100
6804211900
6804219000
6804221100
6804221900
6804229000
6804230000
6804300000
6805100000
6805200000
6805301000
6805302000
6805309000
6806100000
6806200000
6806901000
6806909000
6807100000
6807900000
6808000000
6809110000
6809190000
6809900000
6810110000
6810190010
6810190090
6810910000
6810990000
6811400010
6811400020
6811400030
6811400090
6811810000
6811820000
6811890000
6812800000
6812910000
6812920000
6812930000
6812991010
6812991090
6812992010
6812992090
6812993010
6812993090
6812999010
6812999090
6813200000
6813811010
6813811090
6813819010
6813819090
6813891010
6813891090
6813899010
6813899090
6814100000
6814900000
6815101000
6815102000
6815109010
6815109090
6815200000
6815911000
6815919000
6815991100
6815991200
6815991300
6815991400
6815991900
6815999000
