1001110000
1001190000
1001910010
1001910020
1001990010
1001990020
1002100000
1002900000
1003100000
1003901000
1003908000
1003909000
1004100000
1004900000
1005100000
1005901000
1005909000
1006101000
1006109100
1006109200
1006201000
1006202000
1006301110
1006301120
1006301910
1006301920
1006302110
1006302120
1006302910
1006302920
1006400000
1007100000
1007900000
1008101000
1008109000
1008211000
1008219000
1008291000
1008299000
1008301000
1008309000
1008401000
1008409000
1008501000
1008509000
1008601000
1008609000
1008901000
1008909000
