4101200010
4101200020
4101200030
4101200040
4101200090
4101501010
4101501020
4101501030
4101501040
4101501090
4101502010
4101502020
4101502030
4101502040
4101502090
4101503010
4101503020
4101503030
4101503040
4101503090
4101901010
4101901020
4101901030
4101901040
4101901090
4101902010
4101902020
4101902030
4101902040
4101902090
4101903010
4101903020
4101903030
4101903040
4101903090
4102100010
4102100020
4102100030
4102100040
4102100050
4102100060
4102100070
4102100091
4102100099
4102210000
4102290010
4102290020
4102290090
4103200000
4103300000
4103900000
4104111100
4104111210
4104111290
4104111300
4104111411
4104111419
4104111490
4104111911
4104111912
4104111990
4104112100
4104112210
4104112290
4104112300
4104112411
4104112419
4104112490
4104112900
4104191000
4104192010
4104192090
4104193000
4104194011
4104194019
4104194090
4104199011
4104199012
4104199090
4104411010
4104411020
4104411090
4104412000
4104413010
4104413090
4104419000
4104491010
4104491020
4104491090
4104492011
4104492012
4104492019
4104492021
4104492022
4104492029
4104492090
4104499010
4104499090
4105101000
4105102100
4105102900
4105109010
4105109020
4105300011
4105300019
4105300090
4106211000
4106212100
4106212900
4106219010
4106219090
4106220000
4106311000
4106319000
4106320000
4106400010
4106400090
4106910000
4106920000
4107111010
4107111020
4107111090
4107112010
4107112090
4107119010
4107119090
4107121010
4107121020
4107121090
4107122010
4107122090
4107129010
4107129090
4107191010
4107191020
4107191090
4107192010
4107192090
4107199010
4107199090
4107911010
4107911090
4107919010
4107919090
4107921010
4107921090
4107929010
4107929090
4107991011
4107991012
4107991019
4107991021
4107991022
4107991023
4107991029
4107991090
4107999010
4107999090
4112000000
4113101000
4113109000
4113200000
4113300000
4113900000
4114100000
4114201000
4114202000
4115100000
4115200010
4115200020
