8401100000
8401200000
8401300000
8401400000
8402110000
8402120000
8402190000
8402200000
8402900000
8403101000
8403109000
8403900000
8404101000
8404102000
8404200000
8404901000
8404909000
8405100000
8405900000
8406100000
8406810000
8406820000
8406901100
8406901900
8406902100
8406902900
8406909000
8407100000
8407211000
8407219000
8407291000
8407299000
8407311000
8407319000
8407320000
8407331000
8407339010
8407339090
8407341000
8407349010
8407349090
8407900010
8407900090
8408101000
8408109000
8408201010
8408201090
8408202010
8408202090
8408203010
8408203090
8408209010
8408209090
8408901000
8408909000
8409100000
8409911110
8409911190
8409911210
8409911290
8409911310
8409911390
8409911410
8409911490
8409911510
8409911590
8409911610
8409911690
8409911710
8409911790
8409911810
8409911890
8409912010
8409912090
8409913010
8409913090
8409914010
8409914090
8409919010
8409919090
8409991210
8409991290
8409991410
8409991490
8409991510
8409991590
8409991710
8409991790
8409992100
8409992900
8409993010
8409993090
8409994100
8409994900
8409995100
8409995900
8409996100
8409996900
8409997100
8409997900
8409999100
8409999910
8409999990
8410110000
8410120000
8410130000
8410900000
8411110000
8411120000
8411210000
8411220000
8411810000
8411820000
8411910000
8411990000
8412100000
8412211010
8412211090
8412219010
8412219090
8412290010
8412290090
8412311010
8412311090
8412319010
8412319090
8412390000
8412800000
8412901000
8412902000
8412908010
8412908090
8412909010
8412909090
8413110000
8413190010
8413190090
8413200000
8413301010
8413301090
8413302010
8413302090
8413303010
8413303090
8413309010
8413309090
8413400000
8413501000
8413509010
8413509090
8413601110
8413601190
8413601910
8413601990
8413609010
8413609090
8413701010
8413701090
8413708000
8413709010
8413709090
8413810000
8413820000
8413911000
8413919000
8413920000
8414100000
8414200000
8414301100
8414301900
8414309100
8414309900
8414401000
8414402000
8414409000
8414511010
8414511090
8414512000
8414519010
8414519020
8414519090
8414591000
8414599010
8414599090
8414600000
8414801100
8414801200
8414801300
8414801910
8414801990
8414802110
8414802190
8414802210
8414802290
8414802900
8414803100
8414803200
8414803310
8414803390
8414803800
8414803900
8414809000
8414901000
8414902000
8414903110
8414903190
8414903200
8414903310
8414903390
8414903410
8414903490
8414903900
8415101110
8415101190
8415101900
8415109000
8415201000
8415209000
8415811000
8415819000
8415821000
8415829000
8415830000
8415901000
8415902000
8415909000
8416100000
8416201000
8416209000
8416300000
8416900000
8417101000
8417102000
8417109000
8417200000
8417801000
8417802000
8417809000
8417900000
8418100010
8418100090
8418210000
8418290000
8418300000
8418400000
8418501000
8418509000
8418610010
8418610090
8418691000
8418692000
8418693100
8418693200
8418694000
8418699100
8418699900
8418910000
8418990010
8418990090
8419110000
8419191000
8419199000
8419200000
8419310000
8419320000
8419390000
8419401000
8419402000
8419409000
8419501000
8419502100
8419502200
8419502900
8419509010
8419509090
8419600000
8419811000
8419819000
8419891100
8419891900
8419892000
8419893000
8419894000
8419899100
8419899900
8419901000
8419902000
8419903100
8419903900
8419904000
8419909000
8420101000
8420109000
8420910000
8420990000
8421111000
8421119000
8421121000
8421129000
8421191000
8421199000
8421210000
8421220000
8421230010
8421230090
8421291100
8421291900
8421292000
8421293000
8421299000
8421310010
8421310090
8421391000
8421392000
8421393000
8421399000
8421911000
8421919100
8421919900
8421991000
8421992000
8421999100
8421999900
8422110000
8422190000
8422200000
8422301000
8422302100
8422302200
8422302300
8422302900
8422303000
8422401000
8422402000
8422403000
8422409000
8422901000
8422909000
8423100000
8423200000
8423301100
8423301900
8423309000
8423811000
8423819000
8423820000
8423890000
8423901000
8423902100
8423902900
8424100000
8424200000
8424301000
8424302000
8424303000
8424309000
8424811100
8424811900
8424812100
8424812900
8424819000
8424891000
8424892000
8424899000
8424901000
8424909000
8425110000
8425191000
8425199000
8425311000
8425319000
8425391000
8425399000
8425410000
8425420000
8425491010
8425491090
8425499000
8426110000
8426120000
8426190000
8426200000
8426300000
8426411000
8426419000
8426491000
8426499000
8426910000
8426990000
8427101100
8427101900
8427109000
8427201000
8427209000
8427900000
8428100000
8428201000
8428209000
8428310000
8428320000
8428330000
8428391000
8428392000
8428393000
8428399000
8428400000
8428600000
8428901000
8428902000
8428903000
8428909000
8429111000
8429119000
8429191000
8429199000
8429201000
8429209000
8429300000
8429400000
8429511100
8429511900
8429512100
8429512900
8429519100
8429519200
8429519900
8429521100
8429521200
8429521900
8429522000
8429529000
8429590000
8430100000
8430200000
8430311000
8430319000
8430391000
8430399000
8430411000
8430412000
8430413000
8430419000
8430491000
8430492000
8430499000
8430500000
8430610000
8430691100
8430691900
8430699000
8431101000
8431109000
8431201100
8431201900
8431209000
8431311000
8431319000
8431390000
8431410000
8431420000
8431431000
8431439000
8431491000
8431492100
8431492200
8431492300
8431492900
8432100000
8432210000
8432290000
8432301000
8432309000
8432400000
8432800000
8432900000
8433110000
8433190000
8433201000
8433209000
8433300000
8433400000
8433510000
8433520000
8433530000
8433591100
8433591900
8433599000
8433601000
8433602100
8433602900
8433609000
8433901000
8433909000
8434100000
8434201000
8434209000
8434900000
8435100000
8435900000
8436100000
8436210000
8436290000
8436800000
8436910000
8436990000
8437100000
8437801000
8437809000
8437900000
8438100000
8438201100
8438201900
8438209000
8438300000
8438400000
8438500000
8438600000
8438801000
8438802000
8438809000
8438900000
8439101000
8439102000
8439103000
8439109000
8439200000
8439301000
8439302000
8439303000
8439309000
8439910000
8439991000
8439999000
8440101100
8440101900
8440102000
8440109000
8440900000
8441101000
8441109000
8441200000
8441301000
8441309000
8441400000
8441800000
8441900000
8442301000
8442302000
8442309000
8442401000
8442402000
8442409000
8442500000
8443111000
8443119000
8443120000
8443131000
8443132100
8443132900
8443139000
8443140000
8443150000
8443160000
8443171000
8443179000
8443191000
8443199000
8443311100
8443311200
8443311300
8443311400
8443311500
8443311600
8443311900
8443319100
8443319900
8443322100
8443322200
8443322300
8443322900
8443323100
8443323200
8443323300
8443323400
8443323500
8443323600
8443323700
8443323800
8443323900
8443324000
8443325100
8443325200
8443325900
8443329100
8443329900
8443391000
8443392100
8443392800
8443392900
8443393000
8443399000
8443911000
8443919100
8443919200
8443919900
8443991100
8443991200
8443991900
8443992100
8443992200
8443992300
8443992900
8443993100
8443993200
8443993300
8443993900
8443994100
8443994200
8443994900
8443995000
8443996000
8443997000
8443998000
8443999000
8444001000
8444002000
8444009000
8445111000
8445112000
8445119000
8445120000
8445130000
8445191000
8445192100
8445192200
8445192300
8445192400
8445192500
8445192600
8445192700
8445192900
8445200000
8445301000
8445309000
8445401100
8445401200
8445401800
8445401900
8445402100
8445402900
8445403100
8445403900
8445404000
8445409000
8445901000
8445902000
8445903000
8445904000
8445909000
8446101000
8446109000
8446210000
8446290000
8446301000
8446302000
8446303000
8446304000
8446309000
8447110000
8447120000
8447201000
8447202100
8447202900
8447203000
8447901000
8447902000
8447909000
8448111000
8448112000
8448119000
8448190000
8448201000
8448202000
8448203000
8448209000
8448310000
8448321100
8448321900
8448322000
8448323000
8448324000
8448325000
8448329000
8448331000
8448339000
8448391100
8448391200
8448391700
8448391900
8448392100
8448392200
8448392300
8448392900
8448399100
8448399200
8448399900
8448420000
8448491000
8448492000
8448499000
8448510000
8448591000
8448592100
8448592200
8448592900
8448593000
8448594000
8448599000
8449001000
8449002000
8449008000
8449009100
8449009900
8450110000
8450120000
8450190000
8450201000
8450209000
8450901000
8450909000
8451100000
8451210000
8451291000
8451299000
8451301000
8451309100
8451309900
8451401000
8451402100
8451402900
8451409000
8451501000
8451502000
8451509000
8451800000
8451901000
8451909000
8452100000
8452211000
8452212000
8452219000
8452291000
8452292100
8452292200
8452292300
8452292400
8452292500
8452292900
8452299000
8452300000
8452902000
8452908100
8452908900
8452909100
8452909200
8452909300
8452909400
8452909900
8453101000
8453109000
8453200000
8453800000
8453900000
8454100000
8454201000
8454209000
8454301000
8454302000
8454309000
8454901000
8454909000
8455100000
8455211000
8455219000
8455221000
8455229000
8455301000
8455302000
8455309000
8455900000
8456101100
8456101900
8456109000
8456201000
8456209000
8456301100
8456301900
8456309000
8456900000
8457100000
8457201000
8457209000
8457301000
8457309000
8458111000
8458119100
8458119900
8458191000
8458199000
8458910000
8458990000
8459100000
8459211000
8459219100
8459219900
8459290000
8459310000
8459390000
8459400000
8459510000
8459590000
8459610000
8459690000
8459700000
8460110000
8460190000
8460210000
8460290000
8460310000
8460390000
8460401100
8460401900
8460409100
8460409900
8460901100
8460901200
8460901900
8460909000
8461201000
8461209000
8461301000
8461309000
8461401000
8461409100
8461409900
8461501000
8461502000
8461509000
8461901000
8461909000
8462101100
8462101900
8462109000
8462210000
8462290000
8462310000
8462391000
8462399000
8462410000
8462490000
8462911100
8462911900
8462919100
8462919900
8462991000
8462992000
8462999000
8463101000
8463109000
8463201000
8463209100
8463209900
8463300000
8463901000
8463909000
8464100000
8464201000
8464202100
8464202900
8464209000
8464901100
8464901900
8464909000
8465100000
8465911000
8465912000
8465919000
8465921100
8465921900
8465929000
8465931000
8465939000
8465940000
8465951100
8465951200
8465959100
8465959200
8465960000
8465990000
8466100000
8466201000
8466209000
8466300000
8466910000
8466920000
8466931100
8466931900
8466932000
8466933000
8466934000
8466935000
8466936000
8466941000
8466942000
8466943000
8466949000
8467111000
8467119000
8467190000
8467210000
8467220000
8467291000
8467299100
8467299200
8467299300
8467299900
8467810000
8467890000
8467910000
8467920000
8467990000
8468100000
8468200000
8468801000
8468809000
8468901000
8468902000
8468909000
8469001000
8469002100
8469002900
8469003100
8469003900
8470100000
8470210000
8470290000
8470300000
8470501100
8470501900
8470509000
8470901000
8470909000
8471301100
8471301200
8471301900
8471309000
8471411000
8471419000
8471490000
8471501000
8471502000
8471503000
8471504000
8471509000
8471605200
8471605300
8471605400
8471605900
8471606100
8471606200
8471608000
8471609000
8471701100
8471701200
8471701900
8471702100
8471702900
8471703200
8471703300
8471703900
8471709000
8471800000
8471901100
8471901200
8471901300
8471901400
8471901900
8471909000
8472100000
8472301000
8472302000
8472303000
8472309000
8472901000
8472902100
8472902900
8472903000
8472904000
8472905100
8472905900
8472909100
8472909900
8473101000
8473109000
8473210000
8473291000
8473292000
8473299000
8473301100
8473301900
8473303100
8473303200
8473303300
8473303400
8473303900
8473304100
8473304200
8473304300
8473304900
8473309200
8473309900
8473401000
8473407000
8473409000
8473501000
8473504000
8473505000
8473509000
8474100000
8474201000
8474209000
8474310000
8474320000
8474390000
8474801000
8474809000
8474900000
8475100000
8475210000
8475291000
8475299000
8475900000
8476210000
8476290000
8476810000
8476891000
8476899000
8476900000
8477101100
8477101900
8477102100
8477102900
8477109100
8477109900
8477201000
8477209000
8477301000
8477309000
8477401000
8477409000
8477510000
8477591100
8477591900
8477599000
8477801000
8477809011
8477809012
8477809013
8477809014
8477809020
8477809030
8477809090
8477900000
8478101000
8478109000
8478900000
8479101000
8479109000
8479200000
8479300000
8479400000
8479500000
8479600000
8479710000
8479790000
8479811000
8479819000
8479821000
8479829000
8479891100
8479891200
8479892100
8479892200
8479893100
8479893200
8479894000
8479899100
8479899200
8479899900
8479901000
8479909000
8480100000
8480200000
8480300000
8480410000
8480491000
8480499000
8480500000
8480600000
8480710010
8480710090
8480790000
8481100000
8481201100
8481201900
8481209010
8481209090
8481300000
8481400000
8481801100
8481801900
8481802100
8481802900
8481803100
8481803900
8481809100
8481809200
8481809300
8481809400
8481809500
8481809600
8481809700
8481809900
8481901000
8481909000
8482101010
8482101090
8482109010
8482109090
8482201010
8482201090
8482209010
8482209090
8482300010
8482300090
8482400010
8482400090
8482501010
8482501090
8482509010
8482509090
8482800010
8482800090
8482911100
8482911910
8482911990
8482912010
8482912090
8482913010
8482913090
8482919010
8482919090
8482991010
8482991090
8482999010
8482999090
8483101100
8483101900
8483102010
8483102090
8483103010
8483103090
8483104010
8483104090
8483105000
8483109010
8483109090
8483200010
8483200090
8483301010
8483301090
8483302100
8483302900
8483309010
8483309090
8483401010
8483401090
8483409010
8483409090
8483501010
8483501090
8483509010
8483509090
8483601110
8483601190
8483601910
8483601990
8483609010
8483609090
8483900010
8483900090
8484100010
8484100090
8484200010
8484200090
8484900010
8484900090
8486100000
8486200000
8486300000
8486400000
8486900000
8487100000
8487900000
