5101111011
5101111012
5101111013
5101111014
5101111019
5101111021
5101111022
5101111023
5101111024
5101111029
5101111031
5101111032
5101111033
5101111034
5101111039
5101111041
5101111042
5101111043
5101111044
5101111049
5101111051
5101111052
5101111053
5101111054
5101111059
5101111061
5101111062
5101111063
5101111064
5101111069
5101119011
5101119012
5101119013
5101119014
5101119019
5101119021
5101119022
5101119023
5101119024
5101119029
5101190010
5101190020
5101190030
5101210011
5101210012
5101210019
5101210021
5101210022
5101210029
5101210031
5101210032
5101210039
5101210041
5101210042
5101210049
5101210051
5101210052
5101210059
5101210061
5101210062
5101210069
5101210071
5101210072
5101210079
5101210081
5101210082
5101210089
5101290011
5101290012
5101290019
5101290021
5101290022
5101290029
5101290031
5101290032
5101290039
5101300010
5101300020
5101300030
5102110000
5102190000
5102200010
5102200090
5103100011
5103100012
5103100020
5103200011
5103200012
5103200013
5103200014
5103200019
5103200021
5103200022
5103200023
5103200024
5103200029
5103200030
5103200040
5103200050
5103300000
5104000011
5104000012
5104000019
5104000020
5105100000
5105210000
5105291011
5105291012
5105291013
5105291014
5105291015
5105291016
5105291017
5105291018
5105291019
5105291021
5105291022
5105291023
5105291024
5105291025
5105291026
5105291027
5105291028
5105291029
5105291030
5105291040
5105291050
5105299100
5105299900
5105310000
5105390000
5105400000
5106100010
5106100090
5106200010
5106200090
5107101110
5107101190
5107101910
5107101990
5107109010
5107109090
5107200010
5107200090
5108100000
5108200000
5109100011
5109100012
5109100020
5109900011
5109900012
5109900020
5110000000
5111111010
5111111090
5111112000
5111190011
5111190019
5111190020
5111200011
5111200012
5111200020
5111301000
5111309011
5111309012
5111309020
5111900010
5111900020
5112110011
5112110019
5112110020
5112191010
5112191090
5112192000
5112201010
5112201020
5112202000
5112301010
5112301020
5112302000
5112900010
5112900090
5113001100
5113001200
5113001300
5113002000
