6301100000
6301200010
6301200020
6301200030
6301200090
6301300000
6301400000
6301900000
6302100000
6302210000
6302220010
6302220090
6302290000
6302310000
6302320010
6302320090
6302390000
6302400000
6302510000
6302530010
6302530090
6302591000
6302599000
6302600000
6302910000
6302930010
6302930090
6302991000
6302999000
6303120000
6303191000
6303199000
6303910000
6303920000
6303990000
6304110000
6304191000
6304199000
6304910000
6304920000
6304930000
6304990000
6305100000
6305200000
6305320000
6305331010
6305331090
6305339010
6305339090
6305390000
6305900000
6306120000
6306191000
6306199000
6306220000
6306291000
6306299000
6306301000
6306309000
6306401000
6306409000
6306900000
6307100000
6307200000
6307901000
6307902000
6307909000
6308000000
6309001000
6309009000
6310100000
6310900011
6310900012
6310900019
6310900020
