0301111000
0301119000
0301190000
0301911000
0301919000
0301921000
0301929000
0301931000
0301939000
0301941000
0301949000
0301951000
0301959000
0301991100
0301991200
0301991900
0301999100
0301999200
0301999900
0302110000
0302130000
0302140000
0302190000
0302210000
0302220000
0302230000
0302240000
0302290010
0302290090
0302310000
0302320000
0302330000
0302340000
0302350000
0302360000
0302390000
0302410000
0302421000
0302429000
0302430000
0302440000
0302450000
0302460000
0302470000
0302510000
0302520000
0302530000
0302540011
0302540012
0302540019
0302540090
0302550000
0302560000
0302590000
0302710000
0302721000
0302729000
0302730000
0302740000
0302790010
0302790020
0302790090
0302810000
0302820000
0302831000
0302832000
0302840000
0302850000
0302891100
0302891200
0302892100
0302892200
0302892300
0302892400
0302893111
0302893112
0302893119
0302893190
0302893200
0302893300
0302893400
0302893500
0302893600
0302893700
0302893811
0302893812
0302893819
0302893890
0302894100
0302894200
0302894300
0302894400
0302894500
0302899011
0302899012
0302899019
0302899021
0302899022
0302899029
0302899031
0302899032
0302899039
0302899091
0302899092
0302899098
0302899099
0302900000
0303110000
0303120000
0303130000
0303140000
0303190000
0303230000
0303241000
0303249000
0303250000
0303260000
0303290000
0303310000
0303320000
0303330000
0303340000
0303390010
0303390090
0303410000
0303420000
0303430000
0303440000
0303450000
0303460000
0303490000
0303510000
0303530000
0303540000
0303550000
0303560000
0303570000
0303630000
0303640000
0303650000
0303660011
0303660012
0303660019
0303660021
0303660022
0303660029
0303670000
0303680000
0303691000
0303699010
0303699020
0303699090
0303811100
0303811200
0303811300
0303811400
0303811900
0303819000
0303820000
0303831100
0303831200
0303831900
0303832100
0303832200
0303832900
0303840000
0303891010
0303891020
0303891090
0303892010
0303892020
0303892090
0303893100
0303893200
0303893300
0303894100
0303894200
0303894300
0303894400
0303894500
0303894600
0303895100
0303895200
0303895300
0303895400
0303895500
0303895600
0303895700
0303896100
0303896200
0303896300
0303896400
0303896500
0303899011
0303899012
0303899019
0303899021
0303899022
0303899029
0303899031
0303899032
0303899039
0303899041
0303899042
0303899049
0303899091
0303899092
0303899098
0303899099
0303900000
0304310000
0304321000
0304329000
0304330000
0304390000
0304410000
0304420000
0304430000
0304440000
0304450000
0304460000
0304491000
0304492000
0304499000
0304510000
0304520000
0304530000
0304540000
0304550000
0304590000
0304610011
0304610012
0304610013
0304610014
0304610090
0304621011
0304621012
0304621013
0304621014
0304629090
0304630000
0304690011
0304690012
0304690013
0304690014
0304690021
0304690022
0304690023
0304690024
0304690031
0304690032
0304690033
0304690034
0304690041
0304690042
0304690043
0304690044
0304690091
0304690092
0304690093
0304690094
0304710000
0304720000
0304730000
0304740011
0304740012
0304740013
0304740014
0304740021
0304740022
0304740023
0304740024
0304740090
0304750000
0304790011
0304790012
0304790013
0304790014
0304810000
0304820000
0304830011
0304830012
0304830013
0304830014
0304830090
0304840000
0304851011
0304851012
0304851013
0304851014
0304852000
0304860000
0304870000
0304891011
0304891012
0304891013
0304891014
0304892011
0304892012
0304892013
0304892014
0304893011
0304893012
0304893013
0304893014
0304894000
0304899010
0304899020
0304899030
0304899040
0304910000
0304921100
0304921200
0304921900
0304922100
0304922200
0304922900
0304930000
0304940000
0304950000
0304990010
0304990090
0305100000
0305200000
0305310000
0305321000
0305322000
0305329000
0305391000
0305399000
0305410000
0305420000
0305430000
0305440000
0305491000
0305492000
0305499000
0305510000
0305591000
0305599000
0305610000
0305620000
0305630000
0305640000
0305691000
0305699000
0305710000
0305720000
0305790000
0306111000
0306119000
0306120000
0306140000
0306150000
0306161000
0306169000
0306171000
0306179000
0306191000
0306199000
0306210010
0306210020
0306210030
0306210090
0306220010
0306220020
0306220030
0306220090
0306240010
0306240020
0306240030
0306240090
0306250000
0306260010
0306260020
0306260030
0306260090
0306270010
0306270020
0306270030
0306270090
0306291000
0306299010
0306299020
0306299030
0306299090
0307110010
0307110090
0307190010
0307190020
0307190090
0307210010
0307210090
0307290010
0307290020
0307290090
0307310010
0307310020
0307390010
0307390020
0307390090
0307410011
0307410019
0307410021
0307410029
0307491111
0307491119
0307491900
0307499010
0307499090
0307510000
0307591000
0307599010
0307599090
0307600010
0307600020
0307600030
0307600040
0307600090
0307710010
0307710020
0307710030
0307790010
0307790020
0307790030
0307810000
0307890000
0307910000
0307990010
0307990020
0307990030
0307990090
0308110000
0308190010
0308190020
0308190090
0308210000
0308290010
0308290020
0308290090
0308300010
0308300020
0308300030
0308300040
0308300090
0308900010
0308900020
0308900030
0308900040
0308900050
0308900090
