3501100010
3501100090
3501901100
3501901910
3501901920
3501901990
3501902000
3502110000
3502190000
3502200000
3502901000
3502909000
3503001100
3503001200
3503001900
3503009010
3503009020
3503009090
3504001100
3504001900
3504002000
3504003000
3504009000
3505100000
3505200000
3506101000
3506109000
3506911000
3506912010
3506912090
3506919010
3506919091
3506919092
3506919099
3506990000
3507100000
3507901100
3507901900
3507902100
3507902200
3507902300
3507902400
3507902500
3507902600
3507902900
3507903100
3507903200
3507903900
3507904100
3507904200
3507904900
