8201100000
8201300000
8201400000
8201500000
8201600000
8201900000
8202100000
8202200000
8202310000
8202390000
8202400000
8202910000
8202991000
8202999000
8203101000
8203109000
8203201000
8203209000
8203300000
8203400000
8204110000
8204120000
8204200000
8205100000
8205200000
8205300000
8205400000
8205510000
8205590000
8205600000
8205700000
8205900000
8206000000
8207130000
8207190000
8207200000
8207300000
8207401000
8207402000
8207501100
8207501900
8207509000
8207600000
8207701000
8207702000
8207709000
8207800000
8207900000
8208100000
8208200000
8208300000
8208400000
8208900000
8209001100
8209001900
8209009000
8210001000
8210009000
8211100000
8211910000
8211921000
8211922000
8211929000
8211931000
8211932000
8211939000
8211940000
8211950000
8212101000
8212102000
8212201000
8212202000
8212900000
8213000000
8214100000
8214200000
8214901000
8214909000
8215100000
8215200000
8215910000
8215991000
8215999000
