0901111000
0901119000
0901120000
0901210000
0901220000
0901900000
0902100000
0902200000
0902300000
0902400000
0903001000
0903009000
0904110000
0904120000
0904210000
0904220010
0904220090
0905100000
0905200000
0906110000
0906190000
0906200000
0907100000
0907200000
0908110000
0908120000
0908210000
0908220000
0908310000
0908320000
0909210000
0909220000
0909310000
0909320000
0909611000
0909612000
0909619000
0909621000
0909622000
0909629000
0910110000
0910120000
0910200000
0910300000
0910910000
0910990000
