0801110000
0801111000
0801119000
0801120000
0801190000
0801210000
0801220000
0801310000
0801320000
0802110000
0802120000
0802210000
0802220000
0802310000
0802320000
0802410000
0802420000
0802510000
0802520000
0802610000
0802620000
0802700000
0802800000
0802900010
0802900090
0803100000
0803900000
0804101000
0804102000
0804201000
0804202000
0804300000
0804400000
0804501000
0804502000
0804503000
0805100000
0805200000
0805400000
0805500000
0805900000
0806100000
0806200000
0807110000
0807190000
0807200000
0808100000
0808300000
0808400000
0809100000
0809210000
0809290000
0809301000
0809302000
0809400010
0809400020
0810100000
0810200000
0810300000
0810400000
0810500000
0810600000
0810700000
0810900000
0811100000
0811200000
0811900011
0811900019
0811900020
0811900090
0812100000
0812900010
0812900090
0813100000
0813201000
0813202000
0813300000
0813401000
0813409000
0813500000
0814000010
0814000090
