0101210000
0101290010
0101290020
0101290030
0101290091
0101290099
0101300010
0101300090
0101900000
0102211010
0102211020
0102211030
0102219010
0102219020
0102219030
0102291110
0102291120
0102291130
0102291190
0102291910
0102291920
0102291930
0102291990
0102299010
0102299020
0102299030
0102299040
0102299090
0102311000
0102319000
0102391100
0102391900
0102399000
0102900000
0103100000
0103910000
0103920000
0104101100
0104101910
0104101990
0104109010
0104109021
0104109022
0104109091
0104109092
0104201000
0104209000
0105111000
0105119000
0105120000
0105130000
0105140000
0105150000
0105940000
0105990000
0106110000
0106120011
0106120012
0106120019
0106120090
0106130000
0106140011
0106140019
0106140090
0106190000
0106200000
0106310000
0106320010
0106320090
0106331000
0106339000
0106390000
0106410000
0106490000
0106900000
