7401000000
7402000000
7403110000
7403120000
7403130000
7403190000
7403210000
7403220000
7403290000
7404000000
7405000000
7406100000
7406200000
7407101000
7407102100
7407102900
7407211000
7407212000
7407291000
7407292100
7407292900
7408110000
7408190000
7408210000
7408220000
7408291100
7408291900
7408299000
7409110000
7409190000
7409210000
7409290000
7409311100
7409311900
7409319000
7409390000
7409401000
7409409000
7409900000
7410111200
7410111300
7410111900
7410119000
7410120000
7410211000
7410212000
7410213000
7410219000
7410220000
7411101010
7411101090
7411109010
7411109090
7411211010
7411211090
7411219010
7411219090
7411221010
7411221090
7411229010
7411229090
7411291010
7411291090
7411299010
7411299090
7412100010
7412100090
7412200010
7412200090
7413000000
7415100000
7415210000
7415290000
7415330000
7415390000
7418100000
7418200000
7419100000
7419910000
7419991000
7419992000
7419993000
7419999000
