7301100000
7301200000
7302101000
7302109000
7302300000
7302400000
7302900000
7303000010
7303000090
7304110000
7304190000
7304220000
7304231000
7304239000
7304240000
7304291000
7304293100
7304293900
7304299000
7304311010
7304311090
7304319000
7304391011
7304391019
7304391091
7304391099
7304392010
7304392090
7304399000
7304411000
7304419000
7304490000
7304511100
7304511910
7304511990
7304519000
7304591100
7304591910
7304591990
7304599000
7304901100
7304901910
7304901990
7304909010
7304909090
7305110000
7305120000
7305190000
7305200000
7305310000
7305390000
7305900000
7306110000
7306190000
7306210000
7306290000
7306300011
7306300019
7306300091
7306300099
7306400010
7306400090
7306500010
7306500090
7306610000
7306690000
7306901000
7306902000
7306909000
7307110010
7307110090
7307191000
7307192010
7307192090
7307199010
7307199090
7307210010
7307210090
7307220010
7307220090
7307230000
7307290000
7307910010
7307910090
7307920010
7307920090
7307930010
7307930090
7307990010
7307990090
7308100000
7308200000
7308300000
7308400000
7308901000
7308909000
7309001000
7309002000
7309009000
7310101000
7310109000
7310211000
7310219010
7310219090
7310291000
7310292000
7310299000
7311000010
7311000020
7311000030
7311000090
7312101000
7312109000
7312900000
7313000010
7313000090
7314120000
7314140000
7314190000
7314200000
7314310000
7314390000
7314410000
7314420000
7314490000
7314500000
7315110000
7315121000
7315129000
7315190000
7315200010
7315200090
7315810000
7315820000
7315890000
7315900000
7316000000
7317001000
7317002000
7317003000
7317009000
7318110000
7318120000
7318130000
7318140000
7318150000
7318160000
7318190000
7318210000
7318220000
7318230000
7318240000
7318290000
7319400000
7319900000
7320100010
7320100090
7320201010
7320201090
7320209010
7320209090
7320900010
7320900090
7321110000
7321120000
7321190000
7321810010
7321810090
7321820010
7321820090
7321890000
7321900010
7321900090
7322110000
7322190000
7322901000
7322909000
7323100010
7323100090
7323910000
7323920000
7323930010
7323930090
7323940010
7323940090
7323990000
7324100000
7324210000
7324290000
7324900000
7325100010
7325100090
7325910000
7325991010
7325991090
7325999010
7325999090
7326110000
7326190010
7326190090
7326200010
7326200090
7326901000
7326909010
7326909090
