6401100000
6401920000
6401991000
6401999000
6402120000
6402190000
6402200000
6402911000
6402919000
6402991000
6402999000
6403120000
6403190000
6403200000
6403400000
6403511000
6403519011
6403519019
6403519021
6403519029
6403519090
6403591000
6403599010
6403599020
6403599090
6403911000
6403919011
6403919012
6403919013
6403919014
6403919015
6403919019
6403919021
6403919022
6403919023
6403919024
6403919029
6403919090
6403991000
6403999011
6403999019
6403999021
6403999029
6403999031
6403999039
6403999090
6404110000
6404190000
6404200000
6405101000
6405102000
6405109000
6405200010
6405200090
6405900000
6406100011
6406100012
6406100019
6406100090
6406200011
6406200012
6406200020
6406901010
6406901090
6406902010
6406902090
6406909000
