4001100000
4001210000
4001220000
4001291000
4001292000
4001299010
4001299090
4001300000
4002111000
4002112000
4002191100
4002191200
4002191900
4002192000
4002201000
4002209000
4002310000
4002390000
4002410000
4002490000
4002510000
4002590000
4002600000
4002700000
4002800000
4002910000
4002991000
4002992000
4002993000
4002999000
4003000000
4004000000
4005101010
4005101090
4005109000
4005200000
4005911000
4005919000
4005991000
4005999010
4005999020
4005999090
4006100000
4006900010
4006900090
4007001100
4007001900
4007002000
4008110000
4008190000
4008210000
4008290000
4009110000
4009121000
4009129000
4009211000
4009219000
4009221000
4009229000
4009310000
4009321000
4009329000
4009410000
4009421000
4009429000
4010110000
4010120000
4010190000
4010310010
4010310090
4010320010
4010320090
4010330010
4010330090
4010340010
4010340090
4010350010
4010350090
4010360010
4010360090
4010390010
4010390090
4011100000
4011201000
4011209000
4011300000
4011400000
4011500010
4011500090
4011610000
4011620000
4011631000
4011632000
4011639000
4011691000
4011699000
4011921000
4011929000
4011930000
4011941000
4011942000
4011949000
4011991000
4011999000
4012110000
4012120000
4012130000
4012190000
4012200000
4012901000
4012909000
4013101000
4013109000
4013200000
4013900010
4013900090
4014100000
4014901000
4014909000
4015110000
4015190010
4015190090
4015900000
4016101010
4016101090
4016109000
4016910010
4016910090
4016920000
4016930010
4016930090
4016940000
4016951000
4016959000
4016991000
4016999010
4016999020
4016999090
4017000000
