8701100000
8701200000
8701300000
8701901000
8701909010
8701909090
8702100000
8702901000
8702909010
8702909020
8702909030
8702909090
8703100000
8703210000
8703221000
8703229000
8703231000
8703239000
8703241000
8703249000
8703311000
8703319000
8703321000
8703329000
8703331000
8703339000
8703900010
8703900020
8703900030
8703900090
8704101000
8704109000
8704211010
8704211090
8704212010
8704212090
8704213010
8704213090
8704219010
8704219090
8704221010
8704221090
8704222010
8704222090
8704223000
8704229010
8704229090
8704231000
8704232000
8704233000
8704239000
8704311010
8704311090
8704312010
8704312090
8704313010
8704313090
8704319010
8704319090
8704321000
8704322000
8704323000
8704329000
8704900000
8705101000
8705109000
8705200000
8705300000
8705400000
8705901000
8705909000
8706001000
8706002000
8706009000
8707100000
8707901000
8707909000
8708100000
8708210000
8708291100
8708291200
8708291300
8708291400
8708291900
8708299100
8708299200
8708299300
8708299400
8708299500
8708299900
8708301100
8708301900
8708309000
8708401100
8708401900
8708408000
8708409000
8708501100
8708501200
8708501900
8708508000
8708509100
8708509900
8708701000
8708709000
8708800000
8708910000
8708920000
8708930000
8708941100
8708941200
8708941300
8708948100
8708948200
8708948300
8708949000
8708951000
8708952100
8708952200
8708952900
8708991000
8708999010
8708999020
8708999030
8708999040
8708999050
8708999060
8708999090
8709110000
8709190000
8709900000
8710000000
8711100010
8711100090
8711201000
8711202000
8711209000
8711300000
8711400000
8711500000
8711900000
8712001010
8712001090
8712009000
8713100000
8713900000
8714100010
8714100020
8714100030
8714100091
8714100099
8714200000
8714910000
8714920000
8714931000
8714932000
8714941000
8714949000
8714950000
8714960000
8714991000
8714999000
8715000010
8715000090
8716100000
8716200000
8716310000
8716390000
8716400000
8716800010
8716800090
8716901000
8716909000
