5601211000
5601219000
5601221100
5601221900
5601229100
5601229900
5601290000
5601301000
5601309000
5602100000
5602210000
5602290000
5602900000
5603111000
5603112000
5603113000
5603114000
5603119000
5603121000
5603122000
5603123000
5603124000
5603125000
5603129000
5603131000
5603132000
5603133000
5603134000
5603135000
5603139000
5603141000
5603142000
5603143000
5603144000
5603149000
5603911000
5603912000
5603913000
5603919000
5603921000
5603922000
5603923000
5603924000
5603929000
5603931000
5603932000
5603933000
5603934000
5603939000
5603941000
5603942000
5603943000
5603949000
5604100000
5604901000
5604902100
5604902200
5604909000
5605001000
5605002000
5605009000
5606000000
5607210000
5607290000
5607410000
5607490000
5607501100
5607501900
5607509000
5607901000
5607902000
5607909000
5608110000
5608190000
5608900000
5609001000
5609009000
