7601100000
7601200000
7602000000
7603100000
7603200000
7604101000
7604102110
7604102190
7604102921
7604102929
7604102990
7604210010
7604210090
7604291100
7604291900
7604292021
7604292029
7604292090
7605111000
7605119000
7605191000
7605199000
7605211000
7605219000
7605291000
7605299000
7606111000
7606119000
7606121000
7606122000
7606129000
7606910000
7606920000
7607111000
7607119000
7607191000
7607199000
7607200000
7608100010
7608100090
7608201010
7608201090
7608209010
7608209090
7609000010
7609000090
7610100000
7610900000
7611000000
7612100000
7612901100
7612901200
7612901900
7612909000
7613000010
7613000090
7614101000
7614109000
7614901000
7614909000
7615100010
7615100090
7615200000
7616100000
7616910000
7616990010
7616990090
