4401100000
4401210000
4401220000
4401310000
4401390000
4402100000
4402900000
4403100010
4403100021
4403100029
4403200000
4403410000
4403490000
4403910000
4403920000
4403990010
4403990090
4404100000
4404200000
4405000000
4406100000
4406900000
4407100010
4407100020
4407100090
4407210000
4407220000
4407250000
4407260000
4407270000
4407280000
4407291000
4407292000
4407293000
4407294000
4407299000
4407910000
4407920000
4407930000
4407940000
4407950000
4407991000
4407992000
4407993000
4407994000
4407995000
4407996000
4407997000
4407999010
4407999090
4408101000
4408109100
4408109900
4408311000
4408319000
4408391000
4408399100
4408399200
4408399900
4408901000
4408909000
4409100010
4409100090
4409210000
4409290010
4409290090
4410111000
4410112100
4410112900
4410119000
4410121000
4410129000
4410191100
4410191900
4410199100
4410199200
4410199900
4410900000
4411121000
4411129000
4411131000
4411139100
4411139900
4411141000
4411149000
4411921000
4411929000
4411931000
4411939000
4411941000
4411949000
4412100000
4412310000
4412320000
4412390000
4412940000
4412990000
4413000000
4414000000
4415100000
4415200000
4416001000
4416009000
4417001000
4417002000
4417009000
4418100000
4418200000
4418400000
4418500000
4418600000
4418710000
4418720000
4418790000
4418900000
4419000000
4420100000
4420900000
4421100000
4421900000
