3801100000
3801201000
3801209000
3801301000
3801309000
3801900000
3802100000
3802901000
3802902000
3802903000
3802904000
3802905000
3802909000
3803000000
3804001100
3804001200
3804002000
3805100000
3805901000
3805909000
3806100000
3806200000
3806300000
3806901100
3806901200
3806901900
3806909000
3807000000
3808501000
3808502100
3808502900
3808911100
3808911900
3808912000
3808919100
3808919200
3808919300
3808919410
3808919490
3808919500
3808919600
3808919700
3808919800
3808919910
3808919990
3808921100
3808921900
3808922000
3808929100
3808929200
3808929300
3808929400
3808929510
3808929590
3808929600
3808929700
3808929910
3808929990
3808931100
3808931900
3808932100
3808932200
3808932300
3808932400
3808932500
3808932600
3808932700
3808932800
3808932900
3808933100
3808933200
3808933300
3808934100
3808934900
3808935100
3808935200
3808935900
3808941100
3808941900
3808942100
3808942200
3808942900
3808991100
3808991900
3808992000
3808999100
3808999200
3808999300
3808999400
3808999500
3808999600
3808999900
3809101000
3809109000
3809911000
3809912000
3809913000
3809914100
3809914900
3809919000
3809921100
3809921900
3809929000
3809931100
3809931900
3809939010
3809939020
3809939090
3810101000
3810102000
3810900000
3811110000
3811190000
3811211000
3811212000
3811213000
3811214000
3811215000
3811219000
3811291000
3811292000
3811299000
3811901000
3811909000
3812100000
3812200000
3812301100
3812301200
3812301300
3812301900
3812302100
3812302900
3813001000
3813002000
3813003000
3813004000
3813009000
3814001000
3814002000
3814003000
3814009000
3815110000
3815121000
3815122000
3815129000
3815190000
3815901000
3815909100
3815909200
3815909900
3816001100
3816001200
3816001900
3816002100
3816002900
3816009000
3817001000
3817002000
3818001000
3818009000
3819000000
3820000000
3821000000
3822001000
3822009000
3823110000
3823120000
3823130000
3823190000
3823701000
3823702000
3823703000
3823709000
3824100000
3824300000
3824400000
3824500000
3824600000
3824711000
3824719000
3824720000
3824730000
3824741000
3824742000
3824749000
3824750000
3824760000
3824770000
3824781000
3824789000
3824790000
3824811000
3824819000
3824820000
3824830000
3824901100
3824901200
3824901300
3824901400
3824901500
3824901900
3824902100
3824902200
3824902300
3824902400
3824902500
3824902900
3824903100
3824903200
3824903300
3824903400
3824903500
3824903600
3824903900
3824904100
3824904200
3824904300
3824904900
3824905100
3824905200
3824905300
3824905400
3824905900
3824907100
3824907200
3824907300
3824907400
3824907500
3824907600
3824907700
3824907800
3824907900
3824908100
3824908200
3824908300
3824908500
3824908600
3824908700
3824908800
3824908900
3825100000
3825200000
3825300000
3825410000
3825490000
3825500000
3825610000
3825690000
3825900000
3826000000
