5801100000
5801210000
5801220000
5801230010
5801230020
5801230090
5801260000
5801270000
5801310000
5801320000
5801330000
5801360000
5801370000
5801900000
5802110000
5802190000
5802200000
5802300000
5803001000
5803009000
5804101000
5804109000
5804210000
5804291000
5804299000
5804301000
5804309000
5805001000
5805002000
5805009010
5805009090
5806100000
5806200000
5806310000
5806320012
5806320019
5806320020
5806390000
5806400000
5807100000
5807900000
5808100000
5808900000
5809000000
5810100000
5810910000
5810920000
5810990000
5811000000
